price,predicted price,beds,baths,sqft,lot,built year,tax,stories,fireplace,waterfront,heating,cooling,patio,park,similar house,schools,predicted price
415000,401978.3683,1,1,635,0,1900,3700,1,1,0,1,0,0,0,423,3.33,401978.3683
430000,410625.9349,2,1,1000,0,1900,3780,1,0,0,1,0,0,0,442,3.33,410625.9349
498000,416921.6968,2,1,800,0,1900,4253,1,1,1,1,1,0,0,447,3.33,416921.6968
473000,474508.3466,2,1,675,0,1910,3527,0,1,0,1,1,1,1,451,3.33,474508.3466
430000,454848.1314,2,2,1187,0,1900,4502,2,0,1,1,1,0,0,510,3.33,454848.1314
485000,478531.2539,2,2,1124,0,1890,4489,2,0,0,1,0,0,0,525,3.33,478531.2539
536000,502116.4635,2,2,1195,0,1910,5058,1,1,1,1,1,0,1,539,3.33,502116.4635
490000,492188.4683,2,2,1178,0,1900,4356,2,0,0,1,1,0,1,541,3.33,492188.4683
735000,764253.8923,2,2,1100,0,1906,6279,1,0,0,1,0,0,0,778,3,764253.8923
345000,331432.565,1,1,512,0,1899,2807,1,0,1,1,1,0,0,350,2.33,331432.565
415000,369611.5444,1,1,614,0,1899,3057,1,0,1,1,1,0,0,392,2.33,369611.5444
455000,469155.8534,2,2,700,0,1885,3800,1,0,0,1,0,0,0,474,2.33,469155.8534
539000,444327.759,2,1,890,0,1905,4446,4,1,0,1,1,0,0,530,2.33,444327.759
555000,505545.8176,2,1,902,0,1900,4862,1,1,1,1,1,0,1,537,2.33,505545.8176
705000,515429.0409,2,1,914,0,1900,5044,1,0,0,1,0,0,0,542,2.33,515429.0409
600000,557521.4811,2,1,1212,0,2011,6295,1,1,0,1,0,0,0,590,2.33,557521.4811
695000,617964.308,2,2,1111,0,1900,6033,1,0,1,1,1,0,1,647,2.33,617964.308
715000,624579.1038,3,2,1198,0,1910,5009,2,0,1,1,1,0,0,663,2.33,624579.1038
799000,762397.0042,3,2,1360,0,1899,6854,1,0,0,1,1,0,0,792,2.33,762397.0042
920000,812227.8559,2,2,1490,0,2011,8931,1,1,1,1,1,0,1,849,2.33,812227.8559
854000,806537.9041,3,3,1718,0,1890,8225,2,1,0,1,0,0,0,867,2.33,806537.9041
343750,345293.6694,1,1.5,615,0,1900,2579,2,0,1,1,1,0,1,379,1.67,345293.6694
415000,384859.4773,1,1,563,0,1900,3159,1,0,0,1,0,1,0,382,1.67,384859.4773
476000,486107.448,2,2,777,0,1900,4216,1,0,1,1,1,0,1,498,1.67,486107.448
465000,538700.2095,2,2,1013,0,1899,5152,0,1,0,1,1,0,0,549,1.67,538700.2095
604000,563031.1144,2,1.5,1041,0,1900,5847,1,1,0,1,0,0,0,595,1.67,563031.1144
595000,574228.713,2,2,1119,0,1905,5526,1,1,1,1,1,0,1,606,1.67,574228.713
760000,717444.5616,3,2.5,1575,0,1900,6640,2,1,0,1,0,0,0,772,1.67,717444.5616
480000,473951.2877,2,2,1018,0,1905,4538,1,1,0,1,0,0,0,497,4.67,473951.2877
480000,525760.7711,2,2,1200,0,1905,4431,1,1,0,1,1,1,0,541,3.67,525760.7711
639000,554693.8434,2,2.5,1050,0,2015,4814,1,1,0,1,1,1,0,542,3.67,554693.8434
246000,354658.9056,2,1,775,0,1965,2386,0,0,0,1,0,0,0,344,3.33,354658.9056
395000,367517.8823,1,1,575,0,1890,3166,1,0,0,1,0,1,0,367,3.33,367517.8823
399000,337364.2958,1,1,592,0,1899,3270,3,0,0,1,0,0,0,392,3.33,337364.2958
376500,359837.6194,1,1,688,0,1890,3493,1,1,1,1,1,0,0,392,3.33,359837.6194
415000,391023.2419,2,1,868,0,1989,3207,1,0,1,1,1,0,1,405,3.33,391023.2419
430000,419350.4761,2,1,876,0,1890,4334,1,0,0,1,1,0,0,452,3.33,419350.4761
440000,424758.3436,2,1,880,0,1900,4219,1,1,1,1,1,0,1,457,3.33,424758.3436
430000,443873.8799,3,2,941,0,1873,4478,2,0,0,1,1,0,1,482,3.33,443873.8799
545000,484615.5425,2,1,819,0,1930,4579,1,1,0,1,0,0,1,502,3.33,484615.5425
545000,538334.1683,2,2,1174,0,2000,5524,1,1,1,1,1,1,1,544,3.33,538334.1683
610300,608882.3454,3,2.5,1516,0,1998,5134,3,0,0,1,0,0,0,661,3.33,608882.3454
318500,335078.5885,1,1,485,0,1899,2857,1,0,1,1,1,0,1,351,2.33,335078.5885
422500,427922.1785,2,1,701,0,1905,4102,1,0,0,1,1,0,0,448,2.33,427922.1785
494500,446287.8299,2,1,965,0,2003,3006,1,0,0,1,0,0,0,455,2.33,446287.8299
471000,426881.3642,2,1,843,0,1890,4330,1,1,0,1,0,0,0,456,2.33,426881.3642
480000,427854.4723,2,2,810,0,1890,4435,2,0,1,1,1,0,0,467,2.33,427854.4723
520000,504813.6928,2,1.5,945,0,2000,4650,1,0,0,1,0,0,0,513,2.33,504813.6928
600000,586894.2718,3,2,1132,0,1935,4876,2,1,1,1,1,1,1,604,2.33,586894.2718
650000,599112.8579,2,2,1046,0,2007,5396,1,1,0,1,1,0,0,610,2.33,599112.8579
640000,618562.492,2,2,1185,0,1999,5336,1,1,1,1,1,0,0,637,2.33,618562.492
595000,611630.3119,2,2,1133,0,1905,5729,1,1,1,1,1,0,1,642,2.33,611630.3119
632000,605129.6797,4,2,1559,0,1880,5749,2,1,0,1,0,0,0,663,2.33,605129.6797
494500,623580.9307,2,1,1254,0,1930,6516,3,0,0,1,0,0,0,699,2.33,623580.9307
740000,743942.0502,2,2,1225,0,2007,6490,1,1,1,1,1,0,1,759,2.33,743942.0502
762000,755848.1066,2,2,1243,0,1930,6857,1,0,0,1,0,0,0,778,2.33,755848.1066
445000,385136.1668,1,1,715,0,1887,3866,1,0,1,1,1,0,1,417,1.67,385136.1668
420000,430575.2764,2,1,697,0,1890,3717,1,0,1,1,1,1,1,433,1.67,430575.2764
455000,424052.9043,2,1,703,0,1875,3584,1,0,1,1,1,0,1,446,1.67,424052.9043
485000,436889.9062,1,1,902,0,1899,4599,1,0,1,1,1,0,1,477,1.67,436889.9062
495000,475055.8955,3,1,1006,0,1900,4775,1,0,0,1,0,0,0,502,1.67,475055.8955
545000,492260.844,2,2,802,0,1890,4624,1,1,1,1,1,0,0,512,1.67,492260.844
480000,510549.9374,2,1,1062,0,1905,4573,1,0,1,1,1,0,1,546,1.67,510549.9374
580000,533483.6546,2,1.5,928,0,1905,4934,1,1,0,1,0,0,0,556,1.67,533483.6546
535000,509099.6366,2,1.5,1074,0,1890,5393,2,0,1,1,1,0,1,565,1.67,509099.6366
650000,580458.5753,3,2,1200,0,1890,6147,2,0,0,1,0,0,0,627,1.67,580458.5753
540000,488596.7424,2,1,817,0,1930,4534,0,1,0,1,1,0,0,492,4.67,488596.7424
515000,505144.1851,2,2,840,0,1890,3975,1,0,0,1,0,0,0,514,3.67,505144.1851
525000,526763.141,4,2,1150,0,1928,4524,1,0,0,1,1,0,0,539,3.67,526763.141
509000,483786.4514,2,2,1003,0,1875,4556,2,0,0,1,0,0,0,526,3.33,483786.4514
599000,524125.6203,2,2,1176,0,1905,4646,1,1,0,1,1,0,0,557,3.33,524125.6203
356500,335131.7879,2,1,494,0,1900,2687,1,0,1,1,1,0,1,344,2.33,335131.7879
435000,415177.7492,2,1,676,0,1905,3467,1,0,1,1,1,1,0,415,2.33,415177.7492
595000,576134.9572,3,2,1330,0,1900,5789,2,1,1,1,1,0,0,633,2.33,576134.9572
580000,607375.3773,2,2,1160,0,1900,5343,2,1,0,1,0,0,0,652,2.33,607375.3773
635000,725981.4515,2,2,942,0,1900,5279,1,0,0,1,1,0,0,734,2.33,725981.4515
817500,716533.8224,2,2,1296,0,1906,6543,1,0,0,1,1,0,0,750,2.33,716533.8224
780000,804713.1245,2,2,1300,0,2007,6358,1,1,0,1,1,1,1,800,2.33,804713.1245
428500,428822.3442,2,1,842,0,1890,3602,1,0,0,1,0,0,0,452,1.67,428822.3442
630000,528008.3137,2,2,1601,0,1880,4624,2,1,0,1,1,0,0,603,4.67,528008.3137
532000,547922.0867,3,2,1439,0,1900,5185,3,0,0,1,1,0,0,623,3.67,547922.0867
275000,288053.7768,1,1,542,0,1890,2410,1,0,0,1,0,0,0,305,3.33,288053.7768
340000,332549.8586,2,1,582,0,1900,2761,1,0,1,1,1,0,1,346,3.33,332549.8586
325000,335431.8934,1,1,508,0,1900,2721,1,0,1,1,1,0,1,351,3.33,335431.8934
465000,374080.2739,1,1,796,0,1890,3587,1,0,1,1,1,0,1,408,3.33,374080.2739
546000,589922.6082,2,2,1796,0,1886,5727,0,1,1,1,1,0,1,641,3.33,589922.6082
279000,283184.1746,1,1,417,0,1890,2726,3,0,0,1,1,1,1,317,2.33,283184.1746
311000,319131.4431,1,1,480,0,2006,2453,1,0,1,1,1,0,0,320,2.33,319131.4431
319000,371730.0435,1,1,537,0,2007,2602,1,0,0,1,0,1,0,350,2.33,371730.0435
415000,408552.7563,2,1,678,0,1900,3861,1,0,1,1,1,0,1,428,2.33,408552.7563
462000,427037.9615,2,1,725,0,1920,4030,1,0,0,1,0,0,0,442,2.33,427037.9615
622000,741504.7578,3,3,1222,0,1905,6096,2,1,0,1,0,0,0,767,2.33,741504.7578
390000,340594.2732,1,1,511,0,1890,2963,1,0,0,1,0,0,0,355,3.33,340594.2732
500000,454382.9786,2,1.5,875,0,1850,5007,3,0,0,1,1,1,0,507,3.33,454382.9786
419000,470407.6274,2,2,768,0,1890,3982,2,0,1,1,1,1,1,483,2.33,470407.6274
590000,548646.0293,2,2,1352,0,1994,5486,2,0,1,1,1,0,1,597,2.33,548646.0293
560000,587604.8965,2,1.5,1194,0,1890,5682,2,1,0,1,1,1,0,630,2.33,587604.8965
685000,613336.7951,2,1.5,1420,0,2003,6100,3,0,0,1,1,0,0,685,2.33,613336.7951
742000,725214.2416,2,1.5,1152,0,2008,6440,1,0,0,1,1,0,1,739,2.33,725214.2416
377000,402333.4181,2,1,895,0,1972,3404,0,0,0,1,1,0,0,404,1.67,402333.4181
559000,487269.9479,2,1,1070,0,1905,4768,1,0,1,1,1,0,1,526,1.67,487269.9479
460000,542261.4564,2,2,1008,0,1875,5035,2,0,0,1,0,0,0,584,1.67,542261.4564
642000,623951.7057,2,2,1075,0,2010,5898,1,1,1,1,1,0,1,637,1.67,623951.7057
615500,647974.6954,2,2.5,1318,0,1900,6032,2,0,1,1,1,0,1,699,1.67,647974.6954
810000,664647.3268,2,2.5,1218,0,1900,5926,2,1,0,1,0,0,0,707,1.67,664647.3268
540000,616773.5378,1,1,1053,0,1899,5318,5,0,0,1,0,0,0,722,1.67,616773.5378
845000,908264.4071,3,3,1856,0,2013,7798,2,1,0,1,0,0,0,949,1.67,908264.4071
849900,1014551.071,2,3,1907,0,2013,9418,2,1,1,1,1,0,1,1069,1.67,1014551.071
368795,368890.5472,2,1,907,0,2005,3885,1,0,1,1,1,0,0,390,2.33,368890.5472