405000,2,1,732,0,1890,3764,10,150,1,3,0,0,441,2.33
491000,2,2,1040,0,1905,5095,10,0,1,1,1,0,551,1.67
545000,3,2,1562,0,1899,5786,10,280,1,3,0,1,627,1.67
625000,2,2,1001,0,1890,5612,10,353,1,1,1,0,647,2.33
388000,2,1,809,0,1989,3394,10,305,1,1,0,1,425,3.33
765000,2,2,1274,0,2010,5311,10,0,1,1,1,0,805,1.67
575500,2,3,1470,0,1900,5802,10,133,1,2,1,1,633,1.67
557000,2,2,1546,0,1910,6038,10,250,1,2,1,1,657,1.67
441000,2,1,767,0,1905,4123,10,125,1,4,0,0,455,2.33
345000,2,1,915,0,2005,3933,10,0,1,1,0,0,400,2.33
409500,2,1,600,0,1890,3574,10,0,1,1,1,0,438,2.33
392500,1,1,602,0,1910,3431,10,145,1,1,0,1,385,2.33
355000,1,1,700,0,1890,3423,10,0,1,1,0,0,407,2.33
315000,1,1,587,0,1890,2937,10,131,1,1,0,1,354,3.33
739000,2,2,1055,0,2011,5027,10,0,1,1,1,0,619,1.67
504000,2,2,1248,0,2012,4905,10,170,1,1,1,0,559,3.33
485000,2,2,1219,0,1900,5801,10,140,1,2,0,1,620,3.33
482000,2,1,950,0,1890,4889,10,125,1,1,0,0,549,1.67
420000,3,2.5,1868,0,2001,4617,10,0,1,2,1,0,545,3.67
444000,2,2,849,0,1905,4592,10,200,1,1,0,1,472,2.33
352800,1,1,529,0,1890,3476,10,128,1,1,1,1,387,1.67
449000,2,1.5,1055,0,1890,4188,10,160,1,2,0,0,497,2.33
329000,1,1,806,0,1984,3192,10,0,1,1,0,0,368,2.33
349900,2,1,600,0,1920,3389,10,0,1,1,0,0,391,1.67
839000,2,3,1409,0,2010,8011,30,286,1,2,1,1,849,2.33
640000,2,2,1915,0,1920,6389,30,250,1,2,1,0,729,2.33
377000,2,1,814,0,1989,3793,30,0,1,1,0,0,390,3.33
690000,2,2,1457,0,1960,6076,30,219,1,2,1,1,785,1.67
560000,2,2,1000,0,1905,5486,30,175,1,1,1,1,593,1.67
474900,2,1,800,0,2006,4738,30,0,1,1,1,0,482,3.67
330000,1,1,501,0,1905,2854,30,0,1,1,0,0,351,2.33
714000,2,2,1375,0,2012,6578,30,250,1,1,1,1,765,2.33
275000,1,1,402,0,1905,2190,30,120,1,1,0,1,350,2.33
465000,2,2,1000,0,2000,5575,30,0,1,1,1,0,535,3.33
530000,2,2,1152,0,1880,5570,30,125,1,2,0,1,593,1.67
558000,2,2.5,1201,0,1890,6641,30,193,1,2,1,1,740,2.33
635000,2,1,641,0,1900,3304,30,0,1,1,0,0,416,1.67
351000,1,1,1010,0,1920,4295,30,0,1,2,0,0,489,1.67
499000,2,1.5,1185,0,1890,4789,30,0,1,1,1,0,530,3.33
375000,3,1,929,0,1900,3769,30,0,1,1,0,0,421,4.67
490000,1,1,724,0,1906,4558,30,367,1,1,0,1,532,1.67
325000,2,1,532,0,1890,2868,30,0,1,1,0,0,365,1.67
589000,2,2,1076,0,1910,5380,60,0,1,2,1,0,612,2.33
660000,2,2,996,0,1905,5243,60,0,1,1,1,0,597,1.67
585000,2,2,938,0,1890,4996,60,141,1,1,1,1,575,2.33
849000,2,2.5,1881,0,2012,8252,60,0,1,1,1,0,857,2.33
500000,2,2,871,0,1900,4930,60,0,1,1,1,0,541,2.33
725000,3,1.5,1620,0,1988,5617,60,0,1,3,0,0,762,2.33
510000,2,2,1053,0,1900,4949,60,0,1,2,1,0,544,2.33
465000,2,1,860,0,2000,4634,60,0,1,1,0,0,480,2.33
362000,2,1,673,0,1900,3537,60,100,1,1,0,1,408,3.33
254502,1,1,702,0,2005,2778,60,170,1,1,0,1,296,2.33
370000,1,1,599,0,1905,3239,60,0,1,1,0,0,384,2.33
355000,1,1,540,0,1890,3020,60,0,1,1,0,0,367,3.33
415000,2,1,1100,0,1989,4479,60,0,1,1,0,0,453,3.33
480500,2,1,812,0,1890,5570,60,0,1,1,1,0,502,2.33
449000,1,1,898,0,1900,4275,60,355,1,1,1,1,453,1.67
530000,2,2,1101,0,2001,4780,60,140,1,1,1,1,552,1.67
725500,3,2,1787,0,1911,7147,60,0,1,2,1,0,764,3.33
580000,2,2.5,1192,0,1899,5648,60,0,1,2,1,0,617,2.33
330000,2,1,650,0,1890,3334,60,153,1,1,1,1,367,3.33
510000,3,1,1235,0,1910,4686,60,0,1,3,0,0,662,1.67
530000,2,2,1018,0,1875,4682,60,0,1,1,1,0,524,1.67
530000,2,2,997,0,1932,5422,60,250,1,1,1,0,520,1.67
935100,2,3,1942,0,2012,8739,60,474,1,1,1,1,845,2.33
844000,2,2,1370,0,2006,7908,60,0,1,1,0,1,850,2.67
575000,2,1,850,0,2014,4867,60,0,1,2,1,0,519,1.67
559000,2,2.5,1118,0,1890,5343,60,250,1,2,0,1,644,1.67
412500,2,1,800,0,1895,4447,60,146,1,1,0,1,455,2.33
460000,1,1,1088,0,1890,4628,60,0,1,2,0,0,485,2.33
399000,1,1.5,790,0,1890,3634,60,180,1,2,0,1,441,2.33
608000,2,2,1114,0,1890,5500,90,134,1,0,0,0,615,2.33
575000,2,2,1260,0,1920,5764,90,285,1,1,1,1,626,2.33
807050,3,2.5,1462,0,1899,6128,90,63,1,2,0,1,772,1.67
616000,2,2.5,1416,0,1900,5744,90,196,1,2,1,0,706,1.67