963000,3,2.5,2704,978,2015,3037,740,0,2,4,0,0,1,1,1,1,0,830,2.33
785000,3,2.5,2000,2700,1890,7305,150,0,2,3,1,0,1,1,1,0,0,850,2.33
600000,2,1,1059,1059,1910,6969,910,0,4,3,0,0,1,0,0,0,0,672,2.33
385000,2,2,750,435,1905,3500,395,0,3,1,1,0,1,0,0,0,0,439,2.33
795000,4,2.5,2675,1170,2004,6670,90,0,2,3,1,0,1,1,1,1,0,789,2.33
725000,4,2,2242,1306,1890,5724,820,0,3,3,0,1,1,0,0,0,0,760,3.33
740000,4,2,2088,2187,1890,6435,910,0,0,3,0,0,1,0,0,0,0,760,3.33
700000,8,3,2952,2208,1895,7192,940,0,0,3,0,0,0,0,0,0,0,862,2.33
740000,5,2,2016,3049,1900,5138,1000,0,3,3,0,0,1,0,0,0,0,635,4.67
670000,4,2.5,1692,2178,1900,5435,820,0,3,2,0,0,1,0,0,0,0,662,2.33
650000,4,4,1962,2178,1880,6513,820,0,3,3,0,1,1,0,0,0,0,770,3.33
680000,2,2,1350,2263,1890,5496,1000,0,0,2,0,0,1,0,0,0,0,640,3.33
642500,5,3,1701,1800,1937,5653,940,0,0,3,0,0,1,0,0,0,0,632,3.67
205000,2,1,775,775,1955,2191,790,0,3,1,0,0,1,1,0,0,1,293,3.33
560000,2,3.5,1300,1190,1910,5504,740,0,3,2,1,0,1,1,1,0,1,698,1.67
530000,2,2,900,900,1906,5287,940,0,3,1,1,0,1,1,0,0,1,568,2.33
318000,1,1,662,871,1930,3488,820,185,3,1,0,0,1,1,0,1,0,389,2.33
319250,1,1,645,645,1890,3569,740,0,3,1,0,0,1,0,0,1,0,444,1.67
305000,2,1,605,602,1910,2698,970,90,3,1,0,1,1,1,1,1,1,353,3.67