425000,1,1,758,0,2010,4367,90,0,1,1,0,0,1,0,0,0,0,485,2.33
350000,1,1,672,0,1890,3563,90,0,1,1,1,1,1,1,0,0,1,411,2.33
340000,1,1,632,0,1905,3338,90,0,1,1,0,0,1,0,0,0,0,396,2.33
345000,2,2,731,0,1900,3137,90,0,1,2,0,0,1,0,0,0,0,416,3.33
724000,3,2.5,2241,0,2006,8922,90,0,1,2,1,0,1,0,0,0,0,1116,3.67
508350,2,2,1277,0,2006,6148,90,0,1,1,1,0,1,0,0,0,0,730,2.33
325000,1,1,668,0,1890,3402,90,0,1,1,1,0,1,0,0,0,0,407,1.67
437000,2,2,974,0,1899,5194,90,0,1,2,0,0,1,0,0,0,0,537,1.67
410500,3,2,1015,0,1890,4808,90,0,1,2,1,0,1,0,0,0,0,554,2.33
410500,2,1,700,0,1890,4307,90,0,1,1,1,0,1,0,0,0,0,452,2.33
315000,1,1,640,0,1890,3470,90,0,1,1,0,0,1,1,0,0,0,400,2.33
550000,2,2,1169,0,1999,5120,120,0,1,5,1,0,1,1,0,1,0,665,2.33
339000,1,1,560,0,1900,3351,120,0,1,1,0,0,1,0,0,0,0,367,2.33
280000,1,1,637,0,1920,3075,120,0,1,1,0,0,1,0,0,0,0,386,2.33
741000,2,2.5,1700,0,1890,6874,120,0,1,2,1,0,1,0,0,0,0,837,2.33
449000,2,2,908,0,1910,4675,120,0,1,1,1,0,1,1,0,1,0,537,2.33
413000,2,1,848,0,1905,4393,120,0,1,1,1,0,1,0,0,0,0,518,2.33
380000,4,1.5,1300,0,1905,5009,120,0,1,1,0,0,1,1,1,1,0,627,1.67
450000,2,1,900,0,1905,4788,120,0,1,1,1,0,1,1,0,0,1,485,2.33
290000,1,1,700,0,1880,3124,120,0,1,1,0,0,1,0,0,0,0,381,4.67
255000,1,1,572,0,1890,2783,120,0,1,1,0,0,1,0,0,0,0,350,3.33
290000,1,1,667,0,1890,3516,120,0,1,0,0,0,1,0,0,0,0,395,3.33
295000,2,1,550,0,1870,5379,120,125,1,3,0,0,1,1,1,0,1,441,3.33
500000,2,2,1229,0,1890,5719,120,0,1,2,1,0,1,0,0,0,0,630,2.33
214500,2,1,665,0,1930,3355,120,0,1,1,1,0,1,0,0,1,1,390,4.67
374000,2,1,676,0,1890,3466,120,0,1,1,0,0,1,0,1,0,0,429,1.67
295000,1,1,648,0,1890,3556,120,0,1,1,0,0,1,0,0,0,0,395,3.33
215770,3,2,1150,0,2001,2714,120,0,1,3,0,0,1,0,0,0,0,475,2.33
536000,2,2,1288,0,1930,5625,120,0,1,2,1,0,1,1,1,0,0,701,1.67
465000,2,1.5,825,0,1890,4763,120,0,1,1,1,0,1,0,0,0,0,516,1.67
556000,3,2,1645,0,2001,6318,120,0,1,2,1,0,1,0,0,0,0,802,1.67
504000,3,2,1632,0,2003,3193,150,0,1,2,0,0,1,0,0,0,0,652,2.33
568000,2,2,1348,0,2005,6035,150,454,1,1,0,0,1,0,0,0,0,740,2.33
545000,2,2,1035,0,2004,5550,150,0,1,1,1,0,1,0,0,0,0,626,2.33
481000,2,1,1282,0,1905,5385,150,0,1,1,0,0,1,0,0,0,0,609,1.67
291500,3,2,1581,0,2012,3667,150,0,1,0,1,0,1,0,0,0,0,652,2.33
439000,2,1.5,858,0,1900,3863,150,0,1,1,0,0,1,0,0,0,0,462,2.33
375000,2,2,1055,0,1905,4868,150,0,1,1,1,0,1,0,0,0,0,554,3.33
685000,4,2.5,1705,0,1890,7249,150,0,1,3,1,0,1,0,0,0,0,867,1.67
422500,2,2,817,0,1890,4149,150,0,1,1,1,0,1,0,0,0,0,474,3.33
465000,2,2,1018,0,1890,4816,150,0,1,2,0,0,1,0,0,0,0,586,1.67
355500,1,1,600,0,1890,3048,180,0,1,1,0,0,1,0,0,0,0,367,2.33
315000,2,1,542,0,1900,2934,180,0,1,1,0,0,1,1,0,0,0,370,3.33
409000,3,1,970,0,1905,4150,180,0,1,1,0,0,1,0,0,1,0,485,2.33
522000,2,2,1126,0,1905,5084,180,0,1,1,1,0,1,1,0,0,0,641,2.33
539000,2,2,1301,0,2006,5295,180,0,1,2,1,0,1,0,0,0,0,592,3.67
535000,3,2,1552,0,1899,5394,180,0,1,3,0,0,1,1,0,1,0,627,1.67
553000,2,2,1453,0,1899,5962,180,0,1,2,1,0,1,0,0,0,0,652,2.33
271000,1,1,532,0,1875,2781,180,0,1,1,0,0,1,0,0,0,0,355,3.33
254000,1,1,510,0,1890,2500,180,150,1,1,0,0,1,0,0,1,0,350,3.33
510501,2,2,972,0,1920,5221,180,0,1,1,0,0,1,0,0,0,0,542,3.33
334000,1,1,976,0,1900,3331,180,0,1,2,1,0,1,0,0,0,0,442,2.33
350000,1,1,846,0,1890,4070,180,0,1,2,1,0,1,0,0,0,0,470,2.33
350000,1,1,846,0,1890,4758,180,0,1,3,1,0,1,1,0,1,0,521,2.33
462000,2,1,1016,0,1905,4065,180,0,1,1,0,0,1,0,0,0,0,485,3.33
385000,2,1,846,0,1899,3943,180,0,1,1,0,0,1,0,0,0,0,433,1.67
485000,2,1.5,1091,0,1988,4697,180,0,1,3,0,0,1,0,0,0,0,557,1.67
420000,2,1,723,0,1890,3878,180,0,1,1,0,0,1,0,0,0,0,442,1.67
635000,3,2,1565,0,1900,6797,180,0,1,2,0,0,1,0,0,0,0,770,1.67
482500,1,1,818,0,1906,4764,180,0,1,1,0,0,1,0,0,0,0,535,1.67
522000,2,2,1218,0,1890,5514,180,0,1,2,1,0,1,0,0,0,0,633,1.67
630000,2,2.5,1350,0,2011,7654,210,0,1,2,1,0,1,0,0,0,0,843,1.67
520000,3,1,1188,0,1905,5050,210,0,1,1,0,0,1,0,1,0,0,547,2.33
616000,2,2,1053,0,2008,5607,210,0,1,1,1,0,1,0,0,0,0,626,2.33
357000,2,1,724,0,1900,3878,210,0,1,1,0,0,1,0,0,0,0,459,3.33
357000,2,2,1032,0,2006,4841,210,0,1,1,1,0,1,0,0,0,0,590,3.33
380000,2,1,634,0,1875,3129,210,0,1,1,0,0,1,0,0,0,0,377,3.33
485000,3,1,1115,0,1905,4728,210,0,1,1,0,0,1,0,0,0,0,542,1.67
312000,2,1,639,0,1920,2318,210,0,1,1,0,0,1,0,0,0,0,348,3.33
370000,1,1,574,0,1905,3784,210,0,1,1,0,0,1,0,0,0,0,402,2.33
295000,1,1,608,0,1875,3333,210,0,1,1,0,0,1,0,0,0,0,392,3.33
251000,1,1,543,0,1890,2985,210,0,1,1,0,0,1,0,0,0,0,357,3.33
405000,2,1,975,0,1885,4719,210,0,1,2,0,0,1,1,1,0,0,525,4.67
356000,2,1,856,0,1890,3515,210,0,1,2,0,0,1,0,1,0,0,455,2.33
395000,2,1,700,0,1905,4406,210,0,1,1,0,0,1,0,0,0,0,456,2.33
506000,2,2,1115,0,1900,4765,240,0,1,1,0,0,1,1,1,1,0,550,2.33
502000,2,2,813,0,1890,5475,240,0,1,1,1,0,1,0,0,0,0,552,2.33
560000,2,2,1230,0,2003,5502,240,0,1,1,1,0,1,0,0,0,0,635,2.33
410000,2,1.5,928,0,1899,4017,240,0,1,2,0,0,1,0,0,0,0,493,2.33
480000,2,2,1152,0,1905,5791,240,0,1,1,1,0,1,0,0,0,0,654,2.33
433000,2,1.5,854,0,1900,4273,240,0,1,2,0,0,1,0,0,0,0,485,3.33
325000,1,1,720,0,1930,3692,240,0,1,1,0,0,1,0,0,0,0,389,2.33
390000,2,1,915,0,1890,3798,240,0,1,1,1,0,1,1,1,0,1,455,2.33
507000,2,2,1265,0,1930,4930,270,0,1,2,1,0,1,0,1,0,0,619,1.67
437500,2,1.5,1028,0,1890,4213,270,0,1,2,0,1,1,1,0,0,0,500,3.33
485000,4,2,1200,0,1900,5021,300,0,1,1,0,0,1,1,0,0,0,596,2.33
367500,2,1,875,0,1989,3607,300,0,1,1,0,0,1,1,0,1,0,425,3.33
670000,3,2,1658,0,1930,6217,300,0,1,1,1,0,1,0,0,1,0,655,2.33
365000,2,1,710,0,1900,3529,300,0,1,1,0,1,1,1,0,0,1,406,3.33
315000,2,1,715,0,1890,2824,300,0,1,1,0,1,1,1,0,1,0,371,2.33
500000,2,2,1030,0,1890,6170,300,0,1,2,1,0,1,0,0,0,0,691,1.67
455000,2,2.01,825,0,1890,4482,300,0,1,1,1,1,1,1,1,0,1,510,1.67
485000,3,2,1300,0,1890,5540,300,0,1,1,1,0,1,0,0,0,0,633,3.33
485000,3,2,1200,0,1965,1878,300,0,1,1,0,0,1,0,0,1,0,452,3.33
519000,3,2,1238,0,1890,4290,300,0,1,2,1,1,1,1,1,0,1,617,1.67
540000,2,2,1052,0,1900,5192,300,0,1,1,1,0,1,0,0,0,0,585,1.67
825000,3,2.5,1836,0,1890,7420,300,0,1,0,0,0,1,0,0,0,0,930,1.67
423500,1,2,1151,0,1900,5241,360,0,1,2,1,0,1,1,0,0,0,637,2.33
235000,1,1,703,0,2005,2749,360,0,1,1,0,1,1,1,0,0,1,300,2.33
347000,1,1,728,0,1910,3285,360,0,1,1,1,0,1,0,0,0,0,389,3.33