639800,2,2,1370,0,2006,0,217
590000,2,2,1314,0,2007,1,217
590000,2,2,1314,0,2008,0,217
565000,2,2,1218,0,2007,2,217
489000,2,2,1621,0,1910,2,217
480000,2,1.5,1058,0,1900,1,218
317000,2,1,978,0,1990,0,218
225000,1,1,536,1258,1890,0,219
281000,1,1,686,686,1920,0,219
562500,2,2,1407,0,2012,1,219
557500,2,2,1210,0,2007,2,219
421000,2,2,850,0,1900,0,219
378000,3,2,1418,0,1920,0,219
378000,3,2,1418,0,1920,0,219
305000,2,1,811,0,1900,0,219
389500,3,1,1271,0,1900,0,222
631000,2,2,1287,0,2012,0,223
328000,2,1.5,763,0,1890,0,223
200113,1,1,779,0,2006,0,223
498000,2,2.5,1232,1232,1890,0,224
424000,2,1.5,1180,1180,1880,0,224
367000,2,2,1165,1165,1910,0,224
612500,2,2,1287,0,2012,0,224
367000,2,2,1165,0,1910,0,224
422000,1,1,852,0,2003,2,224
635000,2,2.5,1272,0,1890,3,226
635000,2,2.5,1272,0,1890,0,226
880000,3,2.5,2100,0,1880,4,226
321500,2,2,1126,0,2012,0,226
600000,3,2,1581,0,2012,4,226
580000,3,2,1600,0,2012,4,226
335000,2,1.5,840,0,1900,0,226
335000,2,1.5,840,0,1900,0,226
399000,1,1,804,0,2007,2,226
365000,2,1,915,0,1990,1,226
435000,2,2.5,1203,1203,1900,0,229
587500,3,2,1581,0,2012,4,229
379000,3,2,1037,0,1900,0,229
319000,2,1.5,1048,0,1890,0,229
315000,1,1,681,681,1890,0,230
505000,2,2.5,1300,2099,1900,0,231
480000,2,2,1026,0,2002,3,231
590000,3,2,1600,0,2012,4,231
339000,2,1,910,878,1890,0,232
529000,2,2,1407,0,2012,1,232
270000,1,1,602,0,1920,0,232
382000,3,1.5,1222,1265,1930,0,233
625000,3,2.5,2052,1223,1890,0,233
575000,3,2,1600,0,2012,4,233
587500,3,2,1581,0,2012,4,236
375000,3,2.5,1340,0,1993,0,237
592000,2,2,1534,0,2011,2,237
269900,1,1,572,0,1920,0,237
250000,1,1,550,0,1890,0,237
395000,2,2,952,952,1890,0,238
590000,2,2,1625,1655,1900,2,239
460000,3,2,1250,1250,1920,2,239
510000,2,2.5,1147,1147,1890,0,239
280000,3,1,785,785,1890,0,239
839000,5,3.5,2322,0,1890,0,239
570000,3,2.5,1710,0,1880,1,239
545000,2,2,1149,0,1906,2,239
540000,2,2,1601,0,2012,1,239
540000,2,2,1467,0,2011,0,239
620000,3,2,1620,0,2012,4,239
305500,1,1,640,0,1890,0,239
305500,1,1,640,0,1890,0,239
418000,2,2,1148,9999,2011,1,240
565000,2,1.5,1439,1439,1890,0,240
414000,2,2,1352,1352,1994,0,240
440000,2,2,1236,1294,1899,2,240
650000,3,2.5,2250,1081,1890,0,240
298000,1,1,772,772,1905,0,240
800000,5,3,1890,0,1905,0,240
460000,2,2.5,1150,0,2008,0,240
427000,2,2,1283,0,1999,1,240
399000,2,2,1160,0,1905,0,240
490000,1,1,1102,0,2007,2,240
298000,1,1,655,0,1905,0,240
349000,2,1,861,0,1920,0,240
330000,2,1,686,0,1894,0,240
365750,3,1,918,0,1925,0,240
400000,2,2,888,888,1900,0,243
472000,2,2.5,1500,0,1890,0,243
472000,2,2.5,1500,0,1890,0,243
465000,2,2,1034,0,1890,0,243
600000,6,2,2360,0,1900,0,243
458500,2,1.5,1150,0,2006,2,243
347000,2,1.5,1282,0,2002,1,243
505000,3,3,1834,1834,1890,0,244
379000,2,1,948,948,1905,0,244
550000,3,2,1620,0,2012,4,244
550000,2,2,1317,0,2012,1,245
529000,2,2,1407,0,2012,2,245
235000,3,1.5,852,0,1895,0,245
415000,3,1,1282,0,1905,0,245
351500,2,1.5,1063,1063,1900,0,246
277500,1,1,666,666,1920,0,246
668500,3,2.5,2478,0,2004,2,246
655000,3,2.5,1732,0,2005,4,246
579000,3,2.5,1932,0,2012,2,246
549000,3,2.5,1780,0,2012,2,246
425000,2,2,1355,0,1900,0,246
399000,3,1,1188,1188,1905,0,247
579000,3,2.5,1932,0,2012,2,247
230000,1,1,510,510,1900,0,249
245000,1,1,590,0,1890,0,249
579000,6,2,2216,1650,1900,0,252
444000,3,2,1468,1468,1890,0,253
383000,2,2,930,930,2000,1,253
549000,3,2.5,1780,0,2012,2,253
359000,2,2,1130,0,1910,0,253
560000,3,2,1590,0,2012,4,253
220000,1,1,542,0,1890,1,253
779872,3,2,1988,500,2012,4,256
779872,3,2.5,1988,0,2012,0,256
436000,2,2,971,0,2007,2,256
614366,3,2,1581,0,2012,0,256
614365,3,2,1581,0,2012,4,256
600000,3,2,1600,0,2012,4,256
410000,3,2,1203,1203,2001,1,257
180000,2,1,596,0,1905,0,257
318500,1,1,650,650,1890,0,258
420000,2,1,1120,1120,1905,0,259
273000,2,1,759,643,1920,0,259
950000,2,2,2320,0,2007,2,259
318500,1,1,650,0,1890,0,259
369000,2,2,1023,1023,1890,0,260
509000,2,2,1529,0,1920,2,260
499900,3,1.5,1167,1167,1905,0,263
250000,1,1,698,0,1890,0,263
437800,2,2,1207,1207,2008,2,265
437800,2,2,1207,0,2008,0,265
565000,3,2,1590,0,2012,4,265
355000,2,1,900,0,1910,0,265
262000,1,1,582,582,1890,0,266
579000,2,2,1351,0,2012,4,266
396000,2,2,1314,0,1900,0,266
380000,2,2,925,0,1900,0,266
475000,1,1,1050,0,2007,2,266
399000,1,1,804,0,2007,2,266
319000,1,1,817,0,2012,0,266
985000,3,3,3005,0,2012,4,267
509000,2,2,1448,0,2012,1,267
497500,2,2,1400,0,2012,1,267
487000,2,2,1485,0,2012,1,267
321000,3,1.5,1243,0,1890,0,267
273000,2,1,679,0,1905,0,267
549000,3,2.5,1775,0,2012,2,269
599000,1,1,1246,1246,2008,1,270
415000,2,2,1162,1162,2000,1,270
599000,1,1,1246,0,2008,0,270
300000,1,1,607,0,1905,0,270
256500,1,1,611,0,1900,0,270
324000,2,1,750,0,1920,0,270
324000,2,1,750,0,1920,0,270
495000,4,5,1938,0,1890,0,271
545000,2,2,1351,0,2012,1,271
572056,3,2,1621,0,2012,4,271
620000,2,2.5,1685,0,2012,4,273
480000,1,2,1089,0,2007,2,273
600000,2,2,1685,0,2012,4,273
390500,2,2,1188,0,2008,2,273
390500,2,2,1045,0,2006,0,273
612000,3,2.5,2001,1108,2012,0,274
750000,2,2.5,2043,0,2012,4,274
579000,3,2.5,1932,0,2012,2,274
475000,1,2,1026,0,2007,2,278
612960,1,1,1719,0,2007,2,278
390000,1,1,1164,0,1890,2,278
570000,4,2,2160,2566,1875,0,279
470000,2,1.5,1223,1223,1890,0,279
560000,2,2,1467,0,2012,1,279
505000,1,1,1031,0,2007,2,280
437000,2,2,1521,1521,1905,0,281
535000,2,2,1218,1218,1900,0,281
540000,3,2,1427,0,1900,1,281
610000,1,1,1324,0,2007,2,281
399000,2,1,1098,0,1900,0,285
420500,3,1,1100,3750,1899,2,287
471000,3,2,1450,0,1890,0,287
293000,1,1,650,650,1930,0,288
460000,2,2,1168,0,1999,4,288
307000,2,2,961,0,1900,0,288
293000,1,1,650,0,1930,0,288
245000,1,1,500,500,1900,0,291
425000,3,2,1257,0,2009,2,291
350000,2,1,828,828,1900,0,294
450000,2,2,1302,0,1875,0,294
532000,2,1.5,1149,0,1900,1,294
357000,2,1,753,753,1899,1,295
579000,3,2.5,1932,0,2012,2,295
435000,2,1.5,1200,0,2004,1,295
385000,2,1,944,944,2002,2,298
464900,2,2,1140,1140,2005,1,299
439900,3,1,1358,999,1890,0,300
480000,2,2.5,1135,0,1910,0,300
445000,2,2,924,0,1900,0,300
445000,2,2,924,0,1900,0,300
622500,3,2,1581,0,2012,4,300
390000,2,1.5,895,0,2005,2,300
360000,2,1,827,0,1900,0,300
385000,2,2,1104,0,2000,1,301
419000,3,2,1257,0,2009,2,301
367000,2,2.5,1236,1236,1900,0,304
458000,2,2,1035,0,2004,2,304
325000,3,1.5,1200,1744,1928,0,306
325000,3,1.5,1200,1744,1928,0,306
405000,3,1,874,0,1890,0,307
263000,1,1,740,740,1890,1,308
597000,2,2.5,1493,0,2011,4,308
422500,1,1,876,0,2003,2,308
366500,2,1,890,0,1890,1,311
791000,2,2.5,1872,0,1906,2,312
500000,3,1.5,1500,1440,1900,0,314
500000,3,1.5,1500,1440,1900,0,314
274200,2,1,772,0,1920,0,314
459000,2,1.5,940,9999,2009,2,315
434000,2,2,902,902,2003,1,315
599000,2,2,1494,0,2012,1,315
175000,1,1,590,0,1890,0,315
378000,2,1,879,0,1905,0,318
234000,2,1,582,0,2012,0,318
575000,3,2,1537,1337,1890,0,319
425000,2,2,1201,1201,1890,0,319
305000,2,1,905,905,1972,1,319
365000,3,1.5,1167,1167,1900,2,320
370000,2,1,815,945,2006,1,320
860000,8,3.5,2658,0,1890,0,320
393000,2,1,856,0,1900,0,320
450000,1,1,1343,0,1899,0,325
455000,2,1.5,1063,0,1900,0,326
260000,2,1,903,903,2005,1,327
346500,1,1,738,817,1920,2,327
369000,3,1,1020,0,1890,1,327
207000,2,1,524,524,1900,0,328
551000,2,2.5,1250,0,1899,2,328
551000,2,2.5,1250,0,1899,2,328
385000,2,1,1379,1379,1905,1,329
422000,2,1.5,1017,1017,1890,0,329
295000,2,1,763,763,1905,0,329
469000,2,2.5,1283,0,1880,0,329
555000,3,2,1471,0,1900,2,329
390000,2,1.5,1320,0,1890,0,329
270000,2,1,617,0,1890,0,329
620000,4,2,1936,5520,1905,0,332
406000,2,2,1437,0,1920,0,332
390000,2,1.5,934,0,1899,0,332
395000,2,1,1368,1897,1900,0,333
430000,2,2,1161,1161,2004,1,334
470000,2,2.5,1408,0,1890,0,335
527000,2,2,1233,1233,2003,2,336
527000,2,2,1233,0,2003,0,336
375000,3,1,974,0,1905,0,336
360000,2,2,950,0,2011,2,339
321500,2,2,935,0,2011,0,339
508620,2,2,1084,0,2009,2,340
595000,4,3,2248,1049,1890,0,343
481000,2,2,1084,0,2009,2,343
640000,3,2,2050,0,1900,0,343
362000,1,1,945,0,1910,0,343
365000,2,1,938,0,2005,2,343
362000,2,1,945,0,1910,0,343
545000,2,2.5,1277,0,1830,1,346
435000,3,2,1220,1208,1900,0,347
289000,3,1,1105,1105,1905,0,347
434000,2,1.5,947,0,1890,0,347
278000,1,1,595,0,1890,0,347
387000,2,1.5,903,0,1920,0,348
315000,3,1,1248,1579,1890,0,350
710000,3,3,2400,1259,1900,0,350
505000,2,2,1263,1263,2004,4,357
340000,2,1.5,1272,887,1850,0,357
540000,3,3,1740,0,1890,0,357
540000,3,3,1740,0,1890,0,357
820000,2,2,1650,0,2007,2,357
679000,2,2,1374,0,2012,4,357
412500,2,1.5,895,0,1856,2,357
525000,4,1.5,1690,0,1900,0,357
607000,3,2.5,1754,1754,1900,0,360
595000,2,2,1199,1199,2003,2,360
855000,3,3,1794,0,2012,4,361
855000,3,2.5,1793,0,2011,0,361
460000,3,2.5,1060,1060,1900,1,363
446000,2,1,1026,1026,1900,0,363
582000,3,3,1500,0,1905,0,363
690000,2,2,1381,0,2011,0,363
432500,2,2,1209,0,2004,1,363
265000,1,1,629,0,2012,0,363
855000,2,2.5,1794,0,2012,4,367
405000,2,1,873,0,2012,2,368
278000,1,1,824,824,1920,0,369
850000,4,2,2714,1697,1900,0,370
505000,5,2.5,1890,967,1900,0,370
305000,2,1,720,0,1939,1,370
430000,2,2,1563,1563,1890,0,374
599000,2,2,1440,0,2012,2,374
587000,2,2,1430,0,2012,2,374
322500,3,1,860,0,1946,1,375
615000,4,3.5,1898,1289,1890,2,376
625000,3,3,2352,1099,1900,0,377
405000,3,2,1386,1386,1993,1,382
250000,1,1,703,703,2005,1,383
457000,3,2,1102,1102,1905,0,384
409000,4,1,1605,1365,1890,0,390
541125,2,2,1500,1360,1899,1,390
541125,2,2,1500,1360,1899,1,390
875000,5,3,2275,0,1890,0,390
537500,2,2,1404,0,2000,1,390
345000,1,1.5,1119,0,1890,0,390
418000,2,1.5,1074,0,1993,1,390
562000,1,1,1362,0,1910,1,390
350000,2,1,858,0,1905,0,390
340000,2,1,871,0,1920,1,390
433000,2,1.5,1082,2014,1900,1,394
525000,2,2,1115,0,2012,4,397
355000,2,1,811,811,1989,2,404
537000,4,3,1798,0,1910,0,404
537000,2,2,1200,0,1900,1,404
530000,2,2,1263,0,2004,0,404
597500,3,2,1552,0,2007,4,404
597500,3,2,1552,0,1930,0,404
487000,2,1.5,1110,0,1890,0,404
319000,1,1,892,0,1890,0,404
410000,2,1.5,928,0,1880,0,409
245000,2,1,600,0,1890,0,409
649000,3,2,1405,0,1900,0,410
420000,2,1.5,866,0,2006,0,410
359000,2,1,875,1000,1899,0,411
470000,2,2,1019,0,1905,0,411
321000,1,1,742,0,1890,0,411
327500,2,1,780,780,2007,1,414
327500,2,1,776,0,2007,0,414
410000,2,1.5,1010,0,1900,0,417
460000,3,1.5,1619,0,1988,0,417
244000,1,1,598,0,1900,0,417
270000,2,1,907,0,2005,1,417
579000,2,2,1310,1310,1910,2,420
550000,1,2,1167,1167,1906,0,420
430500,2,2,1114,1114,1900,0,420
589000,3,3,2040,0,1900,0,420
440000,2,2,1136,0,1890,0,420
440000,2,2,1136,0,1899,0,420
324000,1,1,737,0,1920,0,420
304000,1,1,675,0,2003,1,420
304000,1,1,675,0,2003,0,420
244000,1,1,598,0,1900,0,420
525000,2,1.5,1269,0,1900,2,423
265500,1,1,715,0,2003,1,423
392000,2,1,800,0,1905,0,423
270000,2,1,736,0,1920,0,425
718000,5,3,2256,0,1900,0,427
179000,1,1,560,0,1890,0,427
385000,2,1,800,0,1900,0,429
457000,2,2,1050,0,1900,0,431
396000,2,1,827,827,1904,0,432
595000,2,2,1224,0,1906,0,433
609500,3,3.5,2000,2604,2013,0,434
609500,3,3.5,2000,2604,2013,0,434
395000,2,2,1185,1185,1880,0,434
404000,2,2,845,845,1890,0,434
609500,4,3.5,1588,0,1890,0,434
800000,3,3,2208,0,1900,0,434
570000,2,2,1167,0,1900,0,434
550000,1,1,1191,0,2003,2,434
333000,2,1,690,0,1900,0,434
465000,2,2,1150,0,1900,0,437
450000,2,2,1300,0,1930,0,437
465000,3,2.5,1060,0,1897,0,438
515000,2,1.5,1100,0,1900,0,440
495000,4,2,1600,1020,1890,0,441
515000,4,2.5,1798,0,1910,0,441
260000,2,1,671,0,1890,0,441
432500,2,2,1416,966,1988,1,444
343500,2,1,1238,0,1910,0,446
199900,1,1,515,515,1890,0,447
290000,2,1,782,0,1920,0,447
721500,5,3,2580,3000,1900,2,448
400000,2,1.5,995,995,1890,0,450
500000,2,2,1005,0,2009,2,450
500000,2,2,1006,0,2007,0,450
437000,2,2,974,0,1899,0,450
430000,2,2,1105,1105,2006,0,451
605000,1,2,1729,0,1899,0,452
330000,2,1,650,0,1900,0,452
439000,2,2,1043,1043,2005,1,453
695000,9,4,2268,0,1910,0,454
440000,3,2.5,1215,0,1910,0,457
685000,4,2,2055,1520,1920,0,458
332000,2,1,698,0,1900,0,459
329000,2,2,1000,0,1900,0,461
329000,2,2,1000,0,1900,0,461
259000,1,1,500,0,1900,1,461
262000,1,1,526,0,1899,0,465
262000,1,1,526,0,1899,0,465
420000,2,1.5,870,1200,1930,0,466
256500,1,1,507,507,1920,1,466
575000,2,2,1298,0,2012,2,466
294000,1,1,700,0,1900,0,466
499000,3,2,1283,1283,2005,0,467
724000,3,2.5,2241,0,2006,4,468
285000,2,1,836,1034,1890,0,471
494000,2,2.5,1361,0,1890,0,471
344000,2,2,731,0,1900,0,471
325000,1,1,668,0,1890,0,471
679500,2,3,2000,2590,1905,2,475
679500,2,3,2000,2590,1905,2,475
360000,2,1,736,1130,1880,0,475
319000,1,1,680,680,1910,0,475
741000,2,2,1591,0,2012,2,475
338000,2,1,676,0,1905,0,475
559000,2,2.5,1594,1594,2003,2,478
795000,4,2.5,1856,0,2004,2,478
550000,2,2,1250,0,2008,1,478
550000,2,2,1250,0,2008,1,478
520000,2,2,1621,0,1910,1,478
425000,2,2,829,0,1910,0,478
370000,2,1.5,733,0,1904,0,478
370000,2,1.5,733,0,1904,0,478
349000,1,1,772,871,1920,0,479
335000,1,1,653,653,1890,0,479
340000,1,1,632,632,1905,0,479
890000,2,2.5,1897,0,2007,2,479
647500,2,2.5,1205,0,2011,1,479
569000,1,1.5,1191,0,2003,2,479
335000,1,1,653,0,1890,0,479
315000,1,1,640,0,1890,0,479
249600,2,1,687,0,1905,0,479
910000,4,2.5,2718,2032,1900,2,480
465000,2,2.5,1305,1270,1905,0,480
355050,1,1,808,808,1890,0,480
275000,1,1,600,0,1890,0,480
439000,2,2,1051,1051,2005,1,481
600000,2,2,1300,0,2006,0,481
380000,2,1,1200,0,1905,0,481
840000,2,3,2350,2313,2009,2,482
373500,2,1,808,808,1899,0,482
241200,1,1,571,571,1900,0,482
600000,2,2,1260,0,2006,0,482
556000,3,2,1645,0,2001,0,482
487680,2,1.5,1002,0,1900,0,482
373500,2,1,808,0,1899,0,482
725000,2,2,1386,0,2012,4,485
435000,1,1,1008,1008,1899,1,486
247000,1,1,550,0,1900,0,487
375000,2,1,790,0,1880,0,488
380000,2,1,764,764,1880,0,489
669000,2,2,1250,0,2013,2,489
669000,2,2,1250,0,2013,2,489
405000,2,2,1258,1006,1890,0,492
295000,1,1,648,0,1890,0,492
875000,2,2.5,1800,0,2013,2,493
659000,2,2,1350,0,2013,2,493
649000,2,2,1250,0,2013,2,493
649000,2,2,1250,0,2013,2,493
390000,2,1,782,0,1900,0,493
390000,2,1,782,0,1900,0,493
515000,3,3,1328,1328,1880,0,494
649000,2,2,1263,1263,1906,1,494
465000,2,2,1102,1102,1905,1,494
385000,2,1,737,737,1910,0,494
465000,2,2,1102,0,1905,0,494
290000,1,1,667,667,1890,0,495
255000,1,1,572,572,1890,0,495
287500,1,1,666,0,1890,0,495
214500,2,1,665,0,1930,0,495
273500,2,1,564,564,1900,0,496
845000,2,2,1690,0,2007,2,496
588500,2,1.5,1216,0,1995,2,496
446000,2,2,1300,1171,1890,0,499
375000,1,2,808,0,1899,0,499
450000,2,1,900,0,1905,0,499
504500,3,2,1280,2117,1890,0,500
500000,2,2,1229,0,1890,0,500
852025,6,2,2502,1418,1872,1,501
321300,2,1,621,0,1880,0,501
479000,2,2,1284,1284,2005,2,502
455000,2,1.5,1109,1109,2005,2,502
450000,2,2,1000,1097,2006,2,502
450000,2,2,1000,1097,2006,2,502
530000,2,2,1077,1077,1900,1,502
450000,2,2,970,0,2006,0,502
455000,2,1.5,1109,0,1920,0,502
355000,2,1,707,707,1890,0,503
290000,1,1,700,700,1880,0,503
360000,2,1,685,685,1910,1,503
424000,2,2,817,0,1890,0,504
520500,3,2,1327,1327,1890,0,507
679000,2,2,1275,0,2013,2,507
610000,2,2,1470,0,1890,0,507
385000,2,1,800,0,1920,1,507
385000,2,1,733,0,2009,0,507
640000,2,1.5,1695,954,1988,2,508
746000,3,3,2125,800,1890,0,508
289000,1,1,710,710,1910,0,508
389000,2,2,882,0,2005,0,508
1047800,4,2,2492,0,1900,0,508
505000,2,2,1198,0,1905,0,509
490000,2,1.5,1185,0,1885,0,509
440000,2,1.5,846,0,1890,0,509
374000,2,1.5,1047,0,1993,1,509
335000,1,1,612,0,1920,0,509
414000,2,1,848,0,1905,0,509
600000,3,2.5,1850,1850,2008,1,510
597500,2,2,1293,1293,2003,2,510
537000,2,2,1288,1288,1930,1,510
540000,2,2,1214,1214,1999,2,510
489000,3,2,1165,1165,1893,1,510
381500,2,1.5,721,721,1900,0,510
292000,1,1,560,560,1890,0,510
741000,3,2.5,1550,0,1890,0,510
597500,2,2,1313,0,2003,0,510
550000,2,2,1169,0,1999,4,510
540000,2,2,1227,0,1999,0,510
536000,2,2,1288,0,1930,0,510
499000,2,2,977,0,2006,0,510
437000,2,2,1218,0,1930,0,510
280000,1,1,637,0,1920,0,510
280000,1,1,637,0,1920,0,510
449000,2,2,991,0,1910,0,510
340000,2,1,654,654,1920,0,512
600000,3,2.5,1850,0,2008,0,512
475000,2,2,1066,0,1910,2,512
435000,2,1,843,0,2009,0,512
435000,2,1,843,0,1910,0,512
340000,2,1,639,0,1920,0,512
380000,2,1,1000,0,1900,0,513
380000,2,1,1000,0,1900,0,513
433000,2,2,850,0,2012,1,514
433000,2,2,850,0,2013,0,514
384000,2,1,800,800,1899,0,515
520000,2,2,1061,0,2012,1,516
439000,2,1.5,1228,0,1890,0,516
392500,2,1.5,1115,0,1920,0,516
645000,2,2.5,1350,680,2013,4,519
292800,1,1,561,561,1905,0,519
429000,2,2,922,0,2012,1,520
419000,2,2,906,0,2012,1,520
850000,4,2,2267,3750,1900,3,521
379000,2,1,800,800,1899,0,521
415000,2,1.5,800,871,1900,0,522
504000,2,2,975,0,2012,1,522
415000,2,1.5,800,0,1900,0,522
284000,1,1,615,0,1910,0,522
505000,2,2,1136,1166,1900,0,523
467000,2,1.5,1141,1141,1910,0,523
365000,1,1.5,830,830,1890,0,523
774500,2,2,1454,0,2007,2,523
640000,2,2,1450,0,2011,2,523
568000,2,2,1348,0,2005,2,523
422500,2,2,817,0,1890,0,523
375000,2,2,1055,0,1905,0,523
386450,2,1.5,830,0,1980,1,523
441500,2,1,875,0,1905,0,523
355000,2,1,725,0,1946,1,523
360000,3,1,1102,0,1890,0,523
439000,2,1.5,858,858,1900,0,526
360000,2,1.5,655,0,1890,0,527
434000,2,1,1271,1271,1905,0,528
460000,3,2,1195,1195,1893,1,528
324000,1,1,694,694,1900,0,528
557000,2,1,1382,0,1899,1,528
560000,3,2,1614,1446,1888,0,530
429000,3,1,929,929,1915,0,530
415000,1,1,902,902,1899,1,530
505000,2,2.5,1222,0,1900,1,530
596000,3,2.5,1824,0,1900,0,530
540000,2,2,1548,0,1899,0,530
535000,3,2,1685,0,1890,0,530
402000,2,1,820,0,2005,2,530
500000,2,2,1350,0,1890,0,533
485000,2,2,1279,0,1900,0,534
481000,2,2,1282,0,1905,0,534
545000,2,2,1035,1035,2004,2,535
437000,2,1,853,853,1905,0,535
829000,3,3,2100,0,2013,2,535
545000,2,2,1035,0,2004,0,535
569000,2,3,1146,2014,1900,0,536
830000,3,3,2100,0,2013,2,536
699000,3,3,2100,0,2013,2,536
439000,3,2,1288,0,1890,0,536
380000,3,1,1260,0,1930,0,536
819000,2,2.5,1708,1780,2006,5,537
412000,2,1,893,893,1890,0,537
685000,4,2.5,1705,0,1900,0,537
685000,4,2.5,1705,0,1890,0,537
600000,2,2,1230,0,2003,2,537
503000,2,2,1048,0,1900,0,537
465000,2,2,1018,0,1890,0,537
419000,2,1.5,932,0,1899,0,537
545000,3,1.5,1716,0,1880,0,537
535000,3,2,1552,1552,1899,0,540
399000,2,1,1136,1136,1905,0,540
489000,2,2,1123,1123,1905,0,540
335000,2,1,726,726,1910,0,540
498000,2,2,1150,0,1900,0,540
428000,2,1,807,0,1905,0,540
428000,2,1,807,0,1905,0,540
367000,2,1,715,0,1905,0,540
430500,2,1.5,1225,1225,1890,0,541
290000,1,1,569,569,1890,0,541
409000,2,1,970,970,1905,0,542
350000,1,1,846,846,1890,0,542
385000,2,1,846,846,1899,2,542
362000,3,2,963,0,2000,0,542
362000,3,2,963,0,2000,0,542
525000,3,3,1656,0,1905,0,544
635000,3,2,1565,3750,1900,1,547
625000,3,2.5,1650,9999,1890,0,548
616000,2,2,1250,0,1900,2,548
616000,2,2,1250,0,1900,2,548
323000,1,1,685,0,1910,0,548
440000,3,2,1203,1203,1900,0,549
1100000,5,3.5,2387,0,1875,0,549
440000,3,2,1203,0,1900,0,549
420000,2,1.5,890,0,1899,0,549
394000,2,1,1024,0,1905,0,549
540000,2,2.5,1272,0,1900,0,550
851000,2,2,1625,0,2012,2,550
275000,1,1,510,510,1899,0,551
800000,4,2.5,2200,0,1900,2,551
510501,2,2,972,0,1920,0,551
469000,2,2,935,0,2013,2,551
429000,2,2,910,0,2013,2,551
469000,1,2,935,0,2013,2,552
500000,2,2,1045,0,2013,2,552
495000,2,2,1075,0,2013,2,552
462000,2,1,1016,1016,1905,1,554
665000,2,2,1410,0,1410,2,554
475000,2,2,1220,0,2003,2,554
439000,2,2,1211,0,2000,1,554
425000,2,2,1131,0,1910,0,554
455100,2,1.5,1285,0,1890,0,554
334000,1,1,976,0,1900,0,554
450000,1,2,1126,1126,1890,0,555
529000,2,2,1095,0,2013,2,555
779260,4,3,1983,0,1890,0,556
800000,4,2.5,2127,0,1890,0,556
730000,2,2,1590,0,2012,2,556
579000,2,2,1154,0,2013,2,556
319999,2,1,679,0,1905,0,556
528000,2,2,1153,1153,1896,0,557
490000,2,2,1131,1131,1910,1,557
649000,2,2,1540,0,2013,1,557
1945000,3,2,5872,0,2006,0,557
520000,1,1,1030,0,2012,2,557
444000,2,1.5,952,952,1905,0,558
275100,1,1,719,719,1899,0,558
612000,2,2,1455,0,2013,1,558
502000,2,2,1149,0,1900,1,558
460000,2,2,1154,0,2013,2,558
386000,2,1,750,0,1900,0,558
386000,2,1,750,0,1900,0,558
550000,2,2,1015,1015,2009,4,561
550000,2,2,1015,0,2009,0,561
525000,2,2,1220,1220,1999,2,562
451000,2,1,1010,1010,1905,0,562
254000,1,1,510,500,1890,0,564
920000,2,2,1844,0,2007,2,564
640000,2,2,1510,0,2013,1,564
635000,2,2,1195,0,2007,2,564
522000,2,2,1218,0,1900,1,564
504000,2,3,1488,1488,1899,2,565
295000,3,1,848,1275,1880,0,565
375000,2,1,774,774,1900,0,565
670000,2,2,1462,0,2012,2,565
465000,2,1.5,1076,0,1900,2,565
510000,2,2,1115,0,1910,0,567
785000,2,2.5,1539,1539,1906,2,568
495000,2,2,1148,0,1890,0,568
500000,2,1,940,0,2006,0,568
410000,2,1,960,0,1905,0,568
574900,2,2.5,1244,1244,1900,0,569
430000,2,2,1081,1081,1905,0,569
376900,2,2,950,950,1899,0,569
395000,2,1,809,809,1905,0,569
297000,2,1,564,564,1900,0,569
602000,2,2.5,1300,0,1910,0,569
390000,2,2.5,1182,0,1890,0,569
500000,3,2,1347,0,2000,0,569
485000,2,1.5,1091,1341,1988,1,570
539000,2,2,1323,1323,1900,1,570
522000,2,2,1126,1126,1905,0,570
505000,2,2,1121,1121,1905,0,570
410000,2,1,975,975,1910,0,570
462000,2,1,874,874,1900,0,570
356000,2,1,856,856,1890,0,570
271000,1,1,532,532,1875,0,570
553000,1,2,1453,0,1899,0,570
376900,2,2,950,0,1899,0,570
590000,3,2,1445,0,1890,0,570
422000,2,1.5,1103,0,1920,2,570
185000,1,1,551,0,1939,0,570
430000,2,1,1061,0,1900,0,570
389000,2,1,903,0,1890,0,570
926000,5,2,2656,3750,1900,4,570
451500,2,1.5,1062,1107,1875,0,570
450000,2,2,1330,0,1899,0,570
407500,2,2,1020,0,1900,0,570
513000,2,1.5,1215,0,1875,0,570
405000,2,1,1000,0,1885,0,570
405000,2,1,1000,0,1885,0,570
295000,2,1,540,0,1900,0,570
405000,2,1,910,808,1900,0,571
769000,3,3,2000,0,2013,2,571
769000,3,3,2000,0,2013,2,571
435000,1,1,920,0,1899,0,571
269000,2,1,704,0,1905,0,571
442500,2,2,999,999,1910,0,574
625000,3,2.5,1390,960,1890,0,574
357000,2,2,1032,0,2006,0,574
390000,2,1,802,0,1890,1,574
357000,2,1,724,0,1900,0,574
312000,2,1,639,3000,1920,0,575
948000,4,2.5,2484,0,1899,2,575
380000,1,1,750,0,2013,2,575
380000,1,1,750,0,2013,2,575
264500,1,1,568,568,1920,0,576
926000,5,2,2656,0,1900,0,576
455000,2,1,1009,0,1890,0,576
550000,2,2,1500,0,1995,1,577
550000,2,2,1500,0,1995,1,577
616000,2,2,1250,0,2009,2,578
616000,2,2,1250,0,2009,2,578
599000,2,2,1100,0,1890,1,578
490000,2,2,1200,0,1880,0,578
365800,2,1,1108,0,1910,0,578
364800,2,1,700,0,1910,0,579
675000,3,3,1617,0,1932,0,581
750000,3,2.5,1953,0,2007,0,581
740000,2,2,1416,9999,2013,2,583
575000,2,2,1269,9999,2013,1,583
529000,2,1,973,973,2008,1,583
533500,3,2.5,1734,900,2001,2,583
530000,2,1,973,0,2008,0,583
667000,2,2,1416,9999,2013,1,584
487000,2,1,1206,1206,1905,0,584
520000,3,1,1188,1188,1905,0,584
434625,2,2,1000,1000,1900,0,584
434625,2,2,1000,1000,1900,0,584
335000,2,1.5,750,720,1899,0,584
335000,2,1.5,750,720,1899,0,584
298000,1,1,661,661,1890,0,584
630000,2,2.5,1390,0,2011,4,584
455000,2,1,1007,0,1890,1,584
639000,2,2,1360,9999,2013,1,585
610000,2,2,1270,9999,2013,1,585
594000,2,2,1269,9999,2013,1,585
775000,6,3,2346,0,1890,0,585
665000,2,2,1410,0,2012,2,585
330000,1,1,709,0,1887,0,585
310000,1,1,575,0,1890,0,585
423000,2,1,869,0,1900,0,585
395000,3,1,1025,0,1899,0,585
592500,2,2,1270,9999,2013,1,588
559000,3,2,1454,1454,1890,0,588
800000,6,3,2622,1008,1940,0,588
467250,2,2.5,1195,0,2006,0,588
465000,2,2,1173,0,1945,0,588
393000,2,1,728,0,1899,1,588
551250,3,2,1141,1141,1905,0,589
463300,2,2,1100,1100,1899,0,589
624000,2,2,1306,9999,2013,1,590
381000,1,1.5,828,828,1910,1,590
680000,2,2,1239,9999,2013,2,591
505000,2,2,1159,0,2007,0,591
455000,2,1.5,1002,0,1900,0,591
675000,3,2,1845,1845,1900,4,592
645000,3,2.5,1711,1711,1890,2,592
295000,1,1,608,608,1875,0,592
1300000,7,3,2616,0,1885,0,592
410000,2,1,895,0,1900,0,592
740000,3,2.5,2000,0,2012,2,594
740000,3,2.5,2000,0,2012,2,594
649000,2,2,1416,9999,2013,1,595
599000,2,2,1239,9999,2013,1,595
585000,2,2,1269,9999,2013,1,595
600000,3,2,1204,0,1900,1,595
600000,3,2,1204,0,1905,0,595
516000,3,2,1132,0,1905,0,595
251000,1,1,543,0,1890,0,595
290000,2,1,762,0,1905,0,595
447500,2,1.5,1125,1125,1989,1,596
447500,2,1.5,1125,0,1989,0,596
654000,2,2,1360,9999,2013,1,597
557500,2,2,1664,2327,1996,1,597
518000,2,2.5,1400,1024,1910,0,597
485000,2,2,1020,1020,1900,1,598
348000,2,1,771,771,1995,1,598
1080000,3,2.5,2132,0,2007,2,598
485000,2,2,1067,0,1905,0,598
465000,2,1,905,0,1900,1,598
635000,2,2,1291,9999,2013,1,599
495000,2,2,1497,1497,1940,0,599
184000,1,1,519,519,1940,0,599
715000,2,3,2100,0,2013,1,599
650000,2,2.5,1610,0,2005,0,599
599000,2,2,1143,0,2013,1,599
582500,2,2,1295,0,1880,0,599
355000,2,2,1023,0,2006,0,599
597000,3,2,1551,0,1930,0,599
467000,2,1.5,1182,0,1900,0,599
184000,1,1,519,0,1940,0,599
522900,2,2,1073,9999,1910,2,600
349000,2,1,713,713,1887,0,600
589000,2,2,1239,9999,2013,1,602
480000,2,2,1152,1152,1905,1,602
575000,3,2,1111,1111,1890,0,602
265000,1,1,704,1000,1900,0,602
240000,1,1,519,519,1905,0,602
433000,2,1.5,854,0,1900,0,602
447000,1,1,1063,0,1880,0,602
398700,2,1,910,0,1900,0,602
699900,2,2,1474,1474,2008,2,603
539900,3,2,1285,1285,1890,0,603
333500,2,1,1015,1015,1930,1,603
375000,2,1,773,773,1920,0,603
425000,2,1.5,900,0,2009,0,603
333500,2,1,1015,0,1930,0,603
293000,2,1,556,0,1899,0,603
664000,3,2.5,1845,1825,2012,2,604
391500,1,1,1127,1127,1920,0,604
363000,2,1,745,745,1900,0,604
450000,2,1.5,1050,0,1900,1,604
350000,2,1,815,0,1989,2,604
325000,2,1.5,904,904,1900,0,605
385000,2,1,832,832,1905,0,605
635000,2,2,1410,0,2011,2,605
560000,2,2,1164,0,1910,0,605
649000,3,2,1574,0,2007,4,605
649000,3,2,1574,0,1930,0,605
293000,1,1,556,0,1900,0,605
660000,3,2,1865,1865,1905,1,608
390000,2,1,915,915,1890,0,608
470000,2,1.5,1100,0,1900,0,608
735000,2,2.5,2100,0,2013,1,609
610000,2,1.5,1340,0,1890,0,609
560000,2,1.5,1077,1077,1890,0,611
340000,2,1,665,665,1905,0,611
529000,3,2,1200,0,1900,0,611
480000,2,1.5,1041,1041,1905,0,612
368000,2,1,834,834,1897,0,612
442000,2,2,1087,0,2006,1,612
630000,5,2,1824,0,1890,0,612
410000,2,1.5,928,0,1899,0,612
359000,1,1,671,0,1920,1,612
359000,1,1,671,0,1920,0,612
535000,4,1,1583,0,1890,1,612
626000,2,2.5,1397,0,1910,1,615
626000,2,2.5,1379,0,1910,0,615
551000,2,2,1133,1133,1905,1,616
475000,2,1.5,1008,2085,1900,0,617
438000,2,1,1125,0,1890,0,617
565000,2,2,1230,0,2004,2,618
560000,2,2,1230,0,2003,0,618
552000,2,2,1133,0,1905,0,618
286000,1,1,552,0,1865,0,618
336000,2,1,614,0,1920,0,618
740000,4,2,2140,0,1900,2,619
360000,3,1,1070,0,1900,0,619
860000,2,2,1701,1701,2006,2,622
604700,2,2,1201,1201,1905,1,622
395000,2,1.5,900,900,1905,0,622
570000,3,2.5,1728,0,1890,0,622
525000,2,2,1126,0,1910,0,623
485000,2,2,1176,1176,1905,1,624
225000,1,1,549,549,1930,0,624
505250,2,2.5,1155,0,1890,0,625
855000,4,3,2500,1160,1890,0,626
890000,6,3,2798,1139,1865,0,626
350000,2,1,780,780,1939,2,626
550000,3,2.5,1455,0,1998,4,626
550000,3,2.5,1455,0,1998,0,626
649000,3,3,1833,1833,1905,2,629
510000,2,2,1050,1050,1890,0,629
325000,1,1,720,720,1930,0,629
549000,2,2,1206,0,2013,2,629
513000,2,2,1062,0,1890,0,629
325000,1,1,720,0,1930,0,629
506000,2,2,1115,0,1900,0,630
420000,2,1,838,0,1890,0,630
335000,2,1,791,791,1905,0,631
650000,2,2,1320,0,2003,2,631
475000,2,2,1258,0,2003,0,633
535000,2,1.5,1013,0,2003,2,633
535000,2,1.5,1013,0,2003,0,633
327000,1,1,700,0,1910,0,633
475000,2,2,1258,0,2004,1,636
433500,3,2,1077,0,1880,0,636
376500,2,1,884,0,1989,2,636
500000,2,2,1083,0,2013,2,638
555000,2,2,1289,1326,2006,2,640
470000,2,2,1100,0,2013,1,640
490000,2,2,1118,1118,1890,0,644
329000,2,1,673,673,1915,0,644
622500,2,2,1306,0,2013,1,644
455000,2,2,1100,0,2013,1,644
612000,2,2,1306,9999,2013,1,647
569000,2,2,1100,0,2013,1,647
425000,2,2,865,0,1910,0,647
437500,2,1.5,1028,1028,1890,0,650
815000,3,2,2500,2998,2005,3,653
650000,3,2,1268,1268,1905,0,653
255000,1,1,515,515,1905,0,653
507000,2,2,1265,0,1930,0,653
549000,2,2,1111,0,2012,2,654
420000,2,2,1172,0,1880,0,654
517500,2,2,1250,1250,2002,1,657
517500,2,2,1250,1250,2002,1,657
425000,2,1,990,990,1890,0,658
360000,2,1,709,709,1900,0,659
800000,3,2,1522,0,1900,0,659
445000,2,1,857,857,1905,0,660
402000,2,1,746,746,1900,0,660
280000,1,1,631,0,1900,0,660
455000,2,1,884,0,1900,0,660
445000,2,1,857,0,1905,0,660
439000,2,1,1006,0,1905,0,660
625000,2,1.5,1334,1334,2006,2,660
345000,1,1,670,670,1890,0,660
335000,1,1,790,0,1930,0,660
480000,2,2,1388,0,1900,1,661
801000,4,3.5,2228,1771,1863,0,663
485000,3,2,1300,0,1890,0,663
335000,2,1,641,0,1890,0,663
1475000,4,3.5,2793,2793,1987,4,664
518000,2,2,1008,903,1890,1,664
385000,1,1,801,801,1900,1,665
569000,2,2,1243,0,2008,2,667
315000,1,1,650,0,1880,0,667
645000,3,2,1654,1654,2007,2,671
645000,3,2,1654,0,1930,0,671
825000,3,2.5,1836,1836,1890,3,672
588123,2,1,1149,0,1906,0,672
500000,2,1,996,996,2006,2,673
725500,3,2.5,2376,2407,2003,4,674
670000,3,2,1658,1658,1930,4,674
511000,2,2,1345,1345,1890,0,674
604000,3,1.5,1410,1050,1890,0,674
475000,3,2.5,1301,1026,2004,1,674
445000,3,1,885,885,1905,0,674
510000,2,2,1100,0,2013,1,674
728000,3,2,1581,0,2012,4,674
241000,1,1,567,0,1890,0,674
365000,2,1,710,0,1900,0,674
389000,2,1,745,745,2002,2,675
380500,1,1,737,737,1920,1,677
380500,1,1,737,0,1920,0,677
425000,2,1.5,922,0,1900,0,678
425000,2,1.5,922,0,1900,0,678
619000,3,3,1856,1856,1986,2,679
619000,3,2.5,1856,0,1986,0,679
540000,2,2,1052,0,1900,1,679
500000,2,2,1030,0,1890,0,679
480000,2,1,1058,0,1905,1,679
411000,2,1,856,1026,1890,0,680
475000,2,2,950,0,1900,0,680
544000,2,2.5,1200,0,2013,0,681
535000,5,2,1577,0,1900,0,681
692000,2,2,1370,1370,2005,2,685
547000,2,1,1002,1002,2007,2,685
395000,3,1.5,861,861,1910,0,685
756700,2,2.5,1900,0,2000,2,685
473000,2,2,915,0,1905,0,685
313000,2,1,760,0,2001,0,685
479000,2,2,1207,1207,2008,2,686
458000,2,2,1016,1016,2005,1,686
319000,1,1,611,280,1900,1,686
1125000,3,3.5,2516,0,1987,4,686
479000,2,2,1207,0,2008,0,686
460000,2,1.5,1230,0,1900,0,686
367500,2,1,875,0,1989,1,686
519000,3,2,1238,1238,1890,0,688
485000,3,2,1091,1091,1905,0,688
702500,2,2.5,1279,1279,1890,2,691
460000,2,2,1106,1106,1900,0,691
485000,2,2,1039,1039,2005,2,691
425000,2,1.5,940,940,1900,0,691
355000,1,1,708,708,1887,0,691
702500,2,2.5,1279,0,1890,0,691
850000,4,2,2568,1592,1875,1,692
410000,1,1,783,0,1890,0,693
449000,2,2,934,0,2013,1,694
420000,2,2,879,0,2013,1,694
435000,2,1,1008,1008,1905,0,695
459000,2,2,863,0,2013,2,695
423000,2,1,855,0,1905,0,695
361000,2,1,711,0,2000,1,695
535000,2,2,1040,1038,1920,1,698
719000,3,3,1850,1850,2013,1,699
412500,2,2,955,955,1905,0,699
355000,2,1,669,669,1905,0,699
380000,2,1,880,879,1900,0,701
235000,1,1,703,0,2005,1,701
625000,2,3.5,1867,0,2001,0,702
860000,3,2.5,2542,3375,1900,1,705
347000,1,1,728,728,1910,0,705
423500,1,2,1151,0,1900,0,705
620000,2,2,1279,0,2003,2,705
480000,2,2,1225,0,1900,0,705
595000,2,2,1143,0,2013,1,706
340000,1,1,727,727,1890,0,707
599000,2,2,1143,0,2013,1,707
875000,3,1,2094,0,1890,0,707
615000,2,2.5,1262,1262,1890,3,708
535000,2,2.5,1321,0,1896,0,708
470250,2,2,935,0,1890,0,708
609000,3,2,1205,0,1900,0,708
1210000,3,3,2760,4906,1910,3,709
735000,2,3,2100,0,2013,1,709
560000,2,2,1262,0,2013,1,709
422500,2,2,820,0,2013,0,709
434000,2,1.5,912,0,1890,0,709
332500,1,1,615,0,2004,0,709
429000,2,1,910,0,1875,0,709
385000,2,1,905,0,1972,1,709
359000,2,1,782,0,1900,0,709
392000,2,2,970,970,1905,0,712
735000,2,2.5,2100,0,2013,1,712
385000,2,1,785,0,1905,0,712
434000,2,2,1043,1043,2005,1,713
553000,2,1.5,1562,1022,2004,2,716
417500,3,1,1258,1258,1875,0,719
400000,2,2,801,801,1905,0,719
617500,3,3,1372,0,1855,0,719
520000,2,2,1234,0,2011,1,719
412500,2,1,952,0,1991,1,719
599000,3,2,1500,0,2013,1,720
599000,3,2,1500,0,2013,1,720
389000,3,2,1028,0,2011,0,720
390000,2,1,802,802,1910,0,721
403000,2,2,785,785,1905,0,725
270000,1,1,505,505,1890,0,725
500000,2,2,1063,0,2013,1,725
490000,2,2,1308,0,1900,0,725
410000,3,2,1258,1258,1900,0,726
602500,2,1.5,1244,0,1905,0,726
495000,3,1.5,1276,0,1905,1,726
275000,1,1,552,0,1920,0,726
495000,3,1,1267,0,1905,0,726
630000,3,3,2036,1440,1890,0,728
540000,2,2,1429,1429,1994,0,729
485000,3,3,1500,1347,1950,0,729
485000,3,3,1500,1347,1950,0,729
405000,2,1.5,1160,1109,1900,0,729
639000,2,2,1457,0,1900,1,729
545000,2,1,1009,0,1905,0,729
509000,2,2.5,1600,0,2013,1,734
615000,2,2,1130,0,1906,2,734
459000,2,2,950,0,2013,0,734
390000,1,1.5,1222,1384,1900,0,736
421500,1,1,1067,0,1899,1,736
375000,2,1.5,945,0,1890,0,741
375000,2,1.5,945,0,1890,0,741
1000000,6,3,1863,0,1899,0,743
631000,2,3,2000,1687,1880,0,746
631000,2,3,2000,1687,1880,0,746
660000,2,2,1300,1300,2013,1,746
360000,1,1,700,700,1900,0,746
460000,2,1,915,0,2010,0,746
460000,2,1,915,0,1888,0,746
460000,2,2,1198,0,1900,0,747
482000,2,2,1207,0,2008,1,749
482000,2,2,1207,0,2008,0,749
695000,5,2.5,1936,1206,1890,0,750
324000,1,1,670,670,1890,1,750
699000,2,2.5,1809,0,2009,1,750
665000,3,2.5,1602,0,2013,0,750
575000,2,2,1650,0,2006,1,750
575000,2,2,1644,0,1900,0,750
495000,2,2,1355,0,2013,1,750
690000,4,2,1946,0,1890,0,750
635000,2,2.5,1410,0,1900,0,755
513000,3,2,1169,1277,1900,0,756
455000,2,1.5,1200,1066,1905,0,756
431750,2,1.5,840,840,2009,2,756
520000,3,2.5,1516,1516,2005,1,759
340000,2,2,1089,0,1920,0,759
213500,1,1,575,0,1900,0,759
213500,1,1,587,0,1940,0,759
1040000,9,3,3390,3156,1902,0,763
340000,1,1,902,902,1900,0,763
739000,2,2,1467,0,2012,2,763
508000,2,2,1100,0,2013,1,763
515000,2,2,1063,0,2013,1,764
899000,3,3.5,1900,0,2013,2,767
611000,3,3,1622,0,1905,1,767
540000,3,2.5,1700,0,2013,1,767
595000,2,2,1155,999,1905,0,768
525000,2,2,1437,999,1905,0,768
899000,3,3.5,1900,0,2013,2,768
875000,3,3.5,1900,0,2013,1,768
869000,3,3.5,1900,0,2013,1,768
425000,2,1,1010,1010,1860,2,770
959000,3,3.5,2162,0,2013,4,770
625000,4,2,2009,0,1860,0,773
540000,2,1.5,1240,1914,1890,1,776
374000,2,1,868,868,1989,2,776
488000,3,2,1440,1836,1920,0,777
785000,2,2,1500,1500,2013,2,777
785000,2,2,1500,1500,2013,2,777
530000,2,2.5,1375,1375,1910,0,777
342000,2,1,714,714,1890,0,777
649000,2,2.5,1742,0,1998,1,777
465000,2,2,1000,0,2013,1,777
465000,2,2,1000,0,2013,1,777
418000,2,2,1000,0,1900,0,777
418000,2,2,1000,0,1900,0,777
488000,3,2,1419,0,1920,0,777
262500,1,1,611,0,1920,0,777
528000,2,1,1082,0,1899,0,777
450000,2,1,842,0,2001,0,777
450000,2,1,987,987,1986,2,780
579000,3,2.5,1550,0,1900,0,780
937000,3,3.5,1893,0,2013,4,782
300000,1,1,848,0,1890,0,782
427500,2,2,840,840,1890,0,785
699000,2,2,1287,0,2012,4,786
385000,2,1,863,0,1890,0,786
425000,1,1,858,0,1906,0,789
860000,3,2,2251,0,1890,0,790
542000,3,2.5,1651,1651,1920,0,793
405000,2,1,886,1202,1900,0,793
395000,2,1,933,933,1905,0,793
955000,3,3.5,1922,0,2013,4,793
637500,2,3,1700,0,2013,1,793
869000,3,3.5,1900,0,2013,1,794
565000,2,3,1330,0,2007,1,797
565000,2,3,1330,0,2006,0,797
600000,2,2,1126,0,1905,0,797
580000,2,2,1160,0,2013,1,797
540000,2,2,1071,3875,2013,1,798
626500,3,2,1693,990,1900,0,798
1080000,5,3,3213,0,1935,0,798
715000,3,3,1850,1850,2013,1,799
500000,2,2,1100,0,2013,1,799
875000,3,2.5,2034,2034,1915,2,800
535000,3,2.5,1739,0,2013,1,800
677000,2,2,1324,0,2010,2,800
519000,2,2,1133,0,1920,0,803
395000,2,1,753,0,1910,1,803
382500,2,1,839,0,1890,0,803
470000,2,2,881,881,2008,0,804
401000,2,1,824,0,1900,1,804
526000,2,2,980,980,1897,0,805
575000,2,2,1310,1914,1890,0,806
407000,2,1,768,0,2003,2,806
485000,2,1,1183,1183,2002,2,807
578000,3,2,1205,0,1900,0,807
820000,4,1.5,2343,0,1898,0,807
389000,2,1,739,9999,1900,0,810
720000,2,2,1327,1327,1930,2,810
550000,2,2,1100,1100,2010,2,810
462000,2,1.5,1008,1008,1988,1,810
440000,2,1,959,959,1905,0,810
699000,2,2.5,1350,0,2014,2,810
729000,2,2,1450,0,2014,2,810
634000,2,2,1143,0,2013,2,810
490000,2,2,1030,0,2004,0,810
275000,1,1,661,0,1890,0,810
560000,2,2.5,1086,0,1900,0,812
470000,2,1.5,1039,0,2004,0,813
500000,3,1,1165,0,1912,0,813
1269000,3,3.5,2530,2780,1987,1,816
685000,2,2,1639,0,2013,2,817
645000,2,2,1103,0,2011,0,817
543000,2,1.5,1024,1100,1880,0,819
1375000,5,3,2999,0,1800,0,819
450000,2,2,962,0,2013,2,819
440500,2,2,930,0,2000,1,819
430000,2,2,930,0,2000,4,823
480000,2,2,1000,1250,2014,2,824
480000,2,2,1000,1250,2014,2,824
385000,2,1,750,750,1900,0,824
385000,2,1,750,750,1900,0,824
568000,2,2.5,1120,0,1855,0,824
515000,3,1.5,1145,0,1899,0,824
389229,2,1,655,0,1920,2,824
389229,2,1,650,0,1920,0,824
385000,2,1,695,0,1900,0,824
629500,3,2.5,1860,0,1986,0,825
409000,2,1,742,0,1890,0,825
420000,2,1,767,767,1900,1,827
353500,1,1,686,686,1890,1,827
615000,2,2,1302,0,1900,0,827
519000,2,1.5,1455,0,1880,0,827
519000,2,1.5,1455,0,1880,0,827
467400,2,2,1250,1250,2002,2,831
467400,2,2,1250,1250,2002,2,831
568000,2,2,1417,1391,1905,1,832
434500,2,1,920,920,1900,0,832
519000,2,2,912,0,1900,0,832
518000,2,2,912,0,1910,0,832
650000,2,3,1722,0,1900,0,833
645000,3,3,1831,1831,1905,1,834
525000,2,1.5,1036,1636,1962,1,834
370000,2,1,701,701,1900,0,834
1550000,9,3,3267,0,1900,0,834
1550000,9,3,3267,0,1900,0,834
635000,1,2,1192,0,1906,0,834
515000,2,2,1165,0,1890,0,834
470000,2,1,854,0,1910,0,834
470000,2,1,854,0,1910,0,834
399900,2,1,770,770,1900,0,837
749000,2,2,1668,0,2013,2,837
610000,2,1,1382,0,1860,0,837
530000,2,1,1024,0,1930,0,837
435000,2,1,926,0,2008,2,837
435000,2,1,875,0,2006,0,837
425000,3,1,937,0,1905,0,837
575000,4,1.5,1680,0,1900,0,838
550000,3,2.5,1379,1379,1910,0,839
629000,1,1,1103,1103,2006,2,839
967500,5,4,2498,1083,1900,0,839
1020000,4,2,2898,0,1935,0,839
370000,2,1,780,0,1900,1,839
360000,2,1,800,0,1960,0,839
360000,2,1,800,0,1960,0,839
340000,2,1,655,0,1900,0,839
691000,4,1.5,2000,1979,1890,0,840
691000,4,1.5,2000,1979,1890,0,840
545000,3,2.5,1526,1526,1998,4,840
355000,2,1,650,650,1910,0,840
775000,2,2,1494,0,2012,4,840
590000,2,2,1283,0,1906,0,840
450000,2,1,830,0,2006,0,840
353000,2,1,658,0,1930,0,840
353000,2,1,658,0,1930,0,840
860000,3,2.5,2850,4229,1920,1,841
449000,2,2,803,1875,1900,0,841
755000,2,2.5,1605,1605,1900,1,841
622000,2,2.5,1425,1425,1900,1,841
484000,2,1,968,968,1900,1,841
622000,3,2.5,1425,0,1900,0,841
430000,2,1.5,995,0,1890,0,841
412000,2,1,800,0,1900,1,841
359000,1,1,686,686,1988,1,844
619000,2,2,1231,0,2013,1,846
584000,2,2,1231,0,2013,1,847
360000,2,1.5,1131,1131,1910,0,848
525000,2,1,997,997,1905,1,848
475000,2,1,1052,0,1905,0,848
392000,3,1,1133,1133,1905,0,851
560000,2,2.5,1160,9000,2014,2,852
479000,2,1.5,1050,1125,1905,0,852
526000,4,2,1522,1067,1900,1,853
665000,2,2,1274,0,2010,0,853
526000,4,2,1522,0,1900,0,853
821750,4,2,1935,1935,1890,2,854
709000,2,2,1400,0,2013,1,854
699000,2,2,1400,0,2013,1,854
592500,2,2,1685,0,1875,0,854
415000,1,1,754,0,1900,1,854
370000,2,1,645,0,1900,0,854
330000,2,1,846,846,1989,0,855
364000,2,1,642,0,1890,1,855
690000,3,2.5,2130,2440,2009,2,856
557000,2,2,943,20000,1900,1,858
349000,2,1,680,680,1890,0,858
562000,2,2,943,0,2000,0,858
950000,6,3,2700,1333,1905,0,860
310000,1,1,664,664,1953,1,860
600000,2,2,1601,0,2013,1,860
630000,1,1,1110,0,2009,2,860
638000,4,3,1848,1294,1900,0,861
489000,2,2,872,872,1905,0,861
628000,2,1.5,1143,0,2007,4,861
580000,2,2,1300,0,1903,1,862
540000,3,2,1062,0,1890,1,862
638000,4,2,1848,0,1900,0,862
810000,3,2.5,2000,1160,2006,4,863
810000,3,2.5,2000,1160,2006,4,863
605000,2,2,1601,0,2013,1,865
595000,2,2,1231,0,2013,1,865
440000,2,2,1289,0,1899,0,866
462000,2,1.5,924,5702,1868,1,867
373000,1,1,635,635,1920,0,867
662000,3,2.5,1450,0,1900,0,867
540000,3,2,1564,0,1899,0,867
261100,1,1,500,0,1900,0,867
494000,2,1.5,1061,1061,1905,0,868
625000,2,2,1231,0,2013,1,868
455000,2,1,808,0,1942,0,868
530000,3,1.5,1036,1574,1962,2,869
700000,4,3.5,1938,1306,1900,0,869
504000,2,2,1125,1125,1905,0,869
326000,1,1,545,545,1890,0,869
850000,3,3,2000,0,2013,2,869
850000,3,3,2000,0,2013,2,869
900000,6,3,2565,0,1890,0,869
562500,2,2,1243,0,1900,1,869
540000,2,2,1263,0,2013,1,869
509000,2,2,1161,0,2008,0,869
504500,2,2,1183,0,2007,2,869
503000,2,1,1076,0,1905,0,869
321000,2,1,707,0,2003,0,869
509000,2,2,1161,0,2007,2,870
800000,2,2,1690,0,2013,2,871
755000,2,2,1690,0,2013,1,871
453000,1,1.5,1000,0,1900,0,871
453000,1,1.5,1000,0,1900,0,871
353800,1,1,860,0,1905,0,873
375000,2,1,846,0,1989,2,873
729000,3,2,1637,1637,1900,0,874
770000,2,2,1650,0,2013,2,874
355000,1,1,792,0,1920,0,874
506000,2,2,1265,1265,1880,0,875
460000,2,1.5,1132,755,1984,2,875
594000,2,2.5,1472,0,2014,1,875
469000,2,2,992,0,1900,0,875
330000,1,1,700,0,1900,0,875
460000,2,1,832,0,1984,0,875
379000,2,1,701,701,1905,0,878
579000,2,1.5,1115,0,1900,0,878
735000,2,2,1534,0,2010,2,879
300000,1,1,510,0,1900,0,879
826500,2,2,1750,0,2013,1,881
790000,2,2,1650,0,2013,2,881
845000,3,2,1874,0,2013,1,881
349000,1,1,609,0,1899,1,881
415000,3,1,1197,0,1905,0,881
384500,2,1,840,0,1900,1,882
1600000,3,3,2970,0,2013,2,884
605800,4,2.5,1771,2200,1900,0,885
575000,3,2.5,1353,693,1900,0,885
1075000,6,3,3024,0,1900,0,885
884000,6,3,2750,0,1900,0,885
739000,3,2.5,2000,0,1885,0,885
739000,3,2.5,2000,0,1885,0,885
550000,2,2,1037,0,1900,0,885
475000,2,1.5,1015,0,1988,1,885
410000,2,1,743,0,2005,2,885
630000,3,3,1480,9999,1900,0,886
755000,2,2.5,1402,9999,2013,2,886
394000,2,1,832,832,1920,1,887
500000,2,2,1010,0,2013,2,887
369000,2,1,856,0,1906,0,887
482000,3,2.5,1250,1175,2006,1,888
482000,3,2.5,1250,1175,2006,1,888
268000,2,1,537,537,1905,0,889
669000,2,2,1300,0,2014,2,889
459000,2,1,1000,0,1890,0,892
459000,2,1,1000,0,1890,0,892
840000,2,2,1600,0,2013,1,893
550000,2,2,936,0,2000,0,893
1800000,8,6,4000,0,1900,3,894
1400000,8,3,3052,0,1890,0,894
530000,2,2,1255,0,2005,2,894
530000,2,2,1255,0,2004,0,894
559000,3,1,1308,1308,1905,0,895
409000,2,1,831,831,1915,0,895
1400000,6,3,3052,0,1890,0,895
685000,2,2,1734,0,2013,2,895
935000,4,2,1867,0,1890,0,895
428000,1,1,840,0,1900,0,895
325000,2,1,671,0,1920,0,895
324000,2,1,671,0,1925,0,895
869000,3,3,2092,2092,2010,2,896
560000,3,2,1550,1550,1890,0,896
320000,1,1,557,557,1920,0,896
869000,3,3,2092,0,2010,0,896
705000,2,2,1311,0,2011,2,896
560000,2,2,1300,0,1900,0,896
525000,2,2,1073,0,1905,0,896
430000,1,1,805,0,2003,2,896
430000,1,1,805,0,2003,0,896
450000,2,1,800,0,1890,0,896
407000,2,1,773,0,2000,1,896
617500,3,3,1375,2700,1900,0,899
772000,4,2.5,2420,2371,1997,1,899
449000,2,2.5,1365,1365,1890,0,899
684000,2,1.5,1279,1279,2006,1,899
297000,2,1,600,435,1905,0,899
474000,2,2.5,1008,0,1905,0,899
677000,3,2.5,1600,0,2014,2,899
260000,1,2,795,0,1900,0,899
635000,2,2,1315,0,2011,0,899
440000,2,1.5,986,986,1880,0,900
420000,2,1.5,941,941,1890,0,900
390000,2,1,867,0,1905,0,900
533000,2,2,1353,1353,1890,0,901
501500,3,2.5,1000,0,1998,0,901
501500,3,2.5,1000,0,1998,0,901
590000,2,2,1302,0,1900,0,901
530000,3,2,1090,0,1900,0,901
458000,2,1.5,900,0,1910,0,901
458000,2,1.5,893,0,1910,0,901
315000,1,1,561,0,1899,0,901
520000,2,2,1070,0,1899,0,902
520000,2,2,1070,0,1899,0,902
550000,3,2,1370,0,1900,2,902
322050,1,1,543,0,1900,0,902
321000,2,1,700,0,1920,0,906
649000,3,1,1300,0,1890,0,908
1400000,8,3,3267,4755,1890,0,909
365000,3,1,948,948,1890,0,909
310000,1,1,635,635,1890,0,909
439000,2,1.5,938,0,1990,1,909
635000,3,1.5,1806,0,1905,0,910
450000,3,1,1127,0,1860,0,910
305000,1,1,622,0,1890,0,912
500000,3,2,1161,0,1905,0,913
375000,2,1,806,0,1900,0,913
572500,3,3,1800,1107,1900,0,914
365000,2,2,885,885,1890,0,914
685000,3,2,1366,0,1905,1,914
623000,3,1,1403,0,1900,0,914
405000,1,1,960,1378,1900,1,915
450000,2,1.5,1018,1018,1890,0,915
485000,2,2,1007,0,1900,0,915
369000,2,1,868,0,1989,2,915
421000,2,1,758,758,1890,0,916
700000,4,2,1818,3075,1900,0,917
564000,4,2,1824,1290,1890,0,917
615000,2,2,1061,1061,2011,2,917
365000,1,1,656,777,1920,0,917
400000,2,1,770,770,1875,0,917
459000,2,2,1153,0,1890,0,917
492500,3,2,1115,0,1890,0,917
492000,2,1,877,0,1900,1,917
372000,1,1,642,642,1988,1,920
372000,1,1,642,0,1988,0,920
670000,4,2.5,1500,1140,1890,1,921
670000,4,2.5,1500,1140,1890,1,921
784980,3,3,1995,900,1875,0,921
735000,2,2,1300,0,2009,2,921
640000,2,2,1139,0,2004,2,921
516500,2,1.5,974,974,1905,0,923
655000,2,2,1126,0,2014,4,923
635000,2,2,1077,0,1915,2,923
480000,2,2,1034,0,1905,0,923
399000,2,1,814,0,2002,2,923
545800,2,2,1145,1145,2006,4,924
436000,3,1,864,864,1890,0,924
357000,2,1,630,630,1946,1,924
545800,2,2,1027,0,2006,0,924
460000,2,1,1325,0,1890,0,924
336000,2,1,602,0,1905,0,924
465000,2,2,975,975,1880,0,927
360000,1,1,620,620,1890,0,927
579000,2,2,982,0,2014,4,927
460000,3,1,1239,0,1890,0,927
669000,2,2,1450,0,2014,2,928
690000,2,2,1287,1287,2012,2,929
369000,2,1,714,714,1939,1,929
650000,2,2,1609,0,2013,1,929
550000,2,2,1312,1312,1900,0,930
525000,2,1.5,1268,1268,1890,0,930
680000,2,2,1250,1250,2009,2,930
680000,2,2,1250,1250,2009,2,930
1150000,4,4,2200,1207,1890,2,930
426500,2,2,885,885,2000,1,930
389000,2,1,843,843,1989,2,930
362500,1,1,605,605,1890,0,930
675000,2,2,1135,0,2014,4,930
562000,2,2,1357,0,1890,0,930
470000,2,2,1045,0,1899,0,930
568000,3,2,1475,0,2013,1,930
554000,3,2,1410,0,2006,2,930
485000,2,1,828,0,1904,0,930
479000,2,1,810,0,1888,0,930
400000,3,1,782,0,1890,0,930
382000,1,1,722,1470,1900,1,930
475000,2,1,870,1433,1875,0,930
575000,4,2,1700,1120,1880,0,930
456000,2,1,1047,1047,1905,0,930
425000,2,1,725,725,1920,4,930
825000,3,2.5,2050,0,1900,0,930
882000,2,2,1609,0,2013,1,930
840000,2,2,1650,0,2013,2,930
765000,2,2,1480,0,2008,2,930
749000,2,2,1609,0,2013,1,930
567000,2,2,1216,0,1910,2,930
435000,3,2,941,0,1890,0,930
715000,4,2,2008,0,1890,0,930
480000,1,1,877,0,1900,1,930
389000,1,1,800,0,1905,2,930
528000,2,1,1040,0,1988,0,930
485000,2,1,828,0,1904,0,930
375000,2,1,905,0,1972,1,930
825000,3,2.5,2050,0,1900,0,933
575000,2,2,1078,1078,1890,1,934
520000,3,2,1259,1259,1899,1,935
665000,2,2,1139,0,2004,2,936
467500,2,2,1250,0,1900,0,936
467500,2,2,1250,0,1900,0,936
646000,3,3,1689,1689,2006,0,937
335000,1,1,575,415,1905,0,937
1500000,4,3.5,2669,0,2013,2,937
900000,3,2.5,1984,2005,2006,2,940
465000,2,1,900,894,1897,1,941
331000,2,1,610,610,1899,0,941
884000,3,2,1690,0,2013,1,941
472000,3,1,1010,0,1906,0,941
524000,2,2,1102,1102,1930,0,943
310000,2,1,595,595,1946,1,943
489000,3,1.5,1408,2060,1900,1,944
685000,3,2,1772,1772,1900,0,944
450000,2,1,965,965,2003,1,944
470000,2,1,943,943,2006,2,944
335000,2,1,668,678,1920,0,944
550000,2,2,1160,0,2014,2,944
446000,2,2,1223,0,1999,0,944
446000,2,1,848,0,1920,2,944
446000,2,1,848,0,1920,0,944
417000,2,1,902,0,1900,1,944
1075000,2,2,2397,0,1899,2,945
610000,3,1.5,1194,0,1905,0,947
323000,1,1,567,0,1899,0,947
610000,2,2,1650,1436,1890,0,948
361000,2,1,680,435,1899,0,948
1210000,2,2,2234,2234,2012,4,949
555000,2,2,1383,1383,1920,0,949
925000,2,2,1580,0,2014,2,949
850000,2,2,1580,0,2014,2,949
520000,2,2,1168,0,1996,0,949
415000,3,1.5,1360,2730,1890,0,950
595000,2,2,1162,1162,1905,1,950
675000,3,2.5,2000,1083,2009,1,950
675000,3,2.5,2000,1083,2009,1,950
510000,2,2,1054,0,1910,1,950
510000,2,2,1054,0,1910,0,950
439000,2,1.5,1400,1610,1890,1,951
599000,3,2,1388,1388,2000,1,951
395000,2,1,988,1150,1900,0,951
479000,3,1,1479,1099,1910,0,951
521000,2,2,1084,0,2010,0,951
410000,2,1,830,0,1890,0,951
440000,2,2,1172,1172,1905,0,954
474000,2,2,930,930,2006,1,954
398000,2,1,677,0,1900,0,954
465000,2,1,813,813,1890,0,956
308750,1,1,710,710,1880,0,956
335000,2,1,632,0,1905,0,956
504000,2,1.5,1026,1304,1985,0,957
505000,2,2,873,918,1890,0,957
429000,2,1,775,775,1920,2,957
1090000,5,4,2286,0,1900,0,957
560000,2,2,1105,0,2000,1,957
560000,2,2,1105,0,2000,0,957
466000,2,2,854,0,1905,0,957
565000,3,2,1500,0,1890,0,957
565000,3,2,1500,0,1890,0,957
565000,2,1.5,1117,0,1890,0,957
544000,2,1.5,1071,0,1988,2,957
300000,1,1,560,0,1900,0,957
480000,3,1.5,1228,2250,1908,0,958
290000,1,1,717,860,2007,0,958
285000,1,1,560,636,1899,0,958
634000,2,2,1066,0,2014,4,958
619000,2,2,1475,0,1890,1,958
290000,1,1,717,0,2006,0,958
535000,2,1,902,0,2008,1,958
535000,2,1,902,0,1905,0,958
475000,2,1,966,0,1890,0,958
415000,2,1,766,0,1890,0,958
480000,2,1,1075,1075,1900,0,961
411500,2,1,842,842,1890,0,961
880000,3,2.5,1797,0,2000,5,961
530000,2,2,1116,0,2007,2,961
410000,2,1,765,0,1909,1,961
385000,2,1,776,0,1899,1,961
333500,3,1,790,0,1905,0,961
462500,2,1,882,882,1890,0,962
455000,3,2.5,1366,0,1900,0,963
639000,2,2,1320,0,1900,0,964
427000,2,1,733,0,1910,0,964
307500,1,1,598,598,1890,0,967
726500,3,2,2288,2288,1905,2,968
391809,1,1,734,0,1900,0,968
850000,3,2,1874,0,2013,1,969
1040000,3,3,2721,1833,1899,2,970
284500,2,1,520,0,1905,0,970
622000,3,2,1642,1652,1890,2,971
445000,2,1,912,912,1900,1,971
585000,1,1,1445,0,1899,1,971
373000,1,1,785,0,2006,1,971
1110000,9,3,3249,2324,1909,0,974
1250000,4,2,2867,0,1930,0,975
463000,2,1.5,955,0,1905,0,976
390000,2,1,660,0,1880,0,976
560000,3,2.5,1482,1482,1890,1,978
769000,2,2.5,2178,0,1998,1,978
535000,2,2,1203,0,1899,0,978
660000,2,2,1530,0,2014,0,982
205000,1,1,520,0,1890,0,982
722500,3,2.5,1558,0,1988,0,983
869000,2,2,1651,0,2012,2,984
715000,4,1.5,2240,0,1892,0,984
586000,2,2,1106,1106,1930,1,985
999000,3,2.5,1746,0,2014,1,985
980000,3,2.5,1675,0,2014,1,985
586000,2,2,1106,0,1930,0,985
719000,3,2,1303,0,2014,1,985
719000,3,2,1282,0,2014,1,985
695000,3,2,1303,0,2014,1,985
378000,2,1,819,0,1989,0,985
490000,2,1.5,1229,1229,1890,2,988
494000,2,2,1470,0,2004,0,988
509000,2,1.5,948,871,1890,1,989
389000,1,1,808,808,1900,0,989
749000,2,2,1388,0,2014,1,989
382500,1,1,690,0,1920,1,989
382500,1,1,690,0,1920,0,989
426000,2,1,879,0,1989,2,989
625000,2,2,1222,1222,1999,4,990
750000,3,2,1337,0,1910,2,990
470000,2,1,948,948,1899,0,991
315000,1,1,630,630,1900,1,991
423000,2,1,798,0,1905,0,991
610000,2,2.5,1539,1600,2010,0,992
675000,2,2.5,1250,0,2014,1,992
675000,2,2.5,1250,0,2014,1,992
610000,2,2.5,1247,0,1900,0,992
439000,3,2.5,1400,1200,1900,0,997
260000,1,1,675,675,1890,0,997
559000,2,1.5,949,0,2014,1,997
625000,2,2,1190,1190,2010,1,998
799000,3,2.5,2478,6680,2004,2,999
1289000,5,3,3528,0,1890,0,999
543500,2,2,1160,0,2014,2,999
785000,2,2.5,1640,0,2014,2,1003
350000,2,1,700,700,1910,0,1004
1350000,2,3.5,2512,0,1987,0,1004
449000,2,2,1197,0,1890,0,1004
442000,2,1,771,0,1890,0,1005
700000,2,2,1430,5526,2014,2,1006
700000,2,2,1430,5526,2014,2,1006
455000,2,2,1013,1578,1908,0,1006
500000,2,2,988,0,1890,0,1009
1010000,6,2,2998,0,1927,0,1009
445000,2,1.5,800,0,1984,0,1009
569500,2,1,1021,1021,2008,2,1010
647000,2,2,1305,0,1900,0,1010
435000,3,2,1430,0,2004,0,1010
510000,2,2,1150,805,1890,0,1011
555000,2,2,1124,1480,1905,0,1012
325000,1,1,560,0,1870,0,1012
759000,3,2,2100,2100,1900,2,1013
990000,4,3,2698,1378,1890,0,1016
599000,2,2,1125,0,1900,1,1017
348000,2,1,668,0,1939,1,1017
850000,2,2,1640,5526,2014,2,1018
657500,2,2.5,1250,0,2014,1,1018
657500,2,2.5,1250,0,2014,1,1018
612250,2,2.5,1311,0,1900,1,1018
1085000,3,2.5,1909,0,2014,2,1018
845000,2,2,1600,0,2013,1,1018
720000,3,2,1589,0,2012,1,1018
508100,2,1.5,1031,0,1900,0,1018
367000,2,1,800,0,1960,0,1018
367000,2,1,800,0,1960,0,1018
395000,2,2,945,945,1890,0,1019
699000,2,2.5,1630,0,1900,0,1019
480000,2,2,861,0,1890,0,1019
440000,2,1,900,0,1890,0,1019
599000,3,2.5,1354,1540,1900,0,1020
300000,1,1,510,455,1880,0,1020
545000,3,2.5,1709,0,1900,0,1020
800000,2,2,2186,0,1905,0,1020
469440,2,2,1104,0,2000,0,1020
800000,3,2,1600,0,2000,0,1020
415000,3,2,920,0,2000,1,1020
415000,3,2,920,0,2000,0,1020
399000,2,1,840,0,1900,0,1020
800000,3,2,1600,0,1910,2,1022
725000,2,2,1533,0,2010,0,1024
501500,3,1.5,980,0,1870,0,1024
1000000,8,3,3297,0,1900,0,1025
670000,2,2.5,1976,0,1915,1,1025
312000,1,1,560,0,1939,1,1029
875000,2,2,1485,5526,2014,2,1031
1200000,3,3,2360,0,2014,1,1031
430000,2,2,810,0,1875,0,1031
438000,2,2,1050,0,1899,0,1032
430000,3,2,810,0,1875,0,1032
710000,2,2,1423,1423,2012,2,1033
359000,1,1,631,1000,1900,0,1033
660000,2,2,1126,0,2014,2,1033
575000,2,2,1072,0,1905,0,1033
384500,2,1,937,0,1880,0,1033
539000,2,2,1060,0,1880,0,1035
700000,4,3,1720,1800,1905,0,1037
677000,2,2,1134,0,1899,1,1037
466000,2,1,1019,0,1890,0,1037
867750,5,1.5,2117,1669,1887,1,1038
545000,2,2,1044,1044,1905,0,1038
546000,2,2.5,1165,0,1890,2,1038
550000,2,2,1416,2160,1875,0,1039
690000,2,2,1479,1479,1915,4,1039
699000,2,1.5,1201,1201,1875,0,1039
690000,2,2,1479,0,1915,0,1039
779000,2,2.5,1343,1343,2011,4,1040
505000,2,2,935,935,1890,0,1040
469000,2,1.5,856,0,1890,4,1040
430000,2,2,915,915,1885,0,1043
625000,3,3,1984,795,1892,0,1043
640000,2,2,1126,0,2014,2,1043
589000,2,1,1121,9999,2008,2,1044
941000,2,2,1950,1950,1996,3,1044
508000,2,1.5,1153,1153,1905,0,1044
502100,2,1.5,1202,865,1885,0,1044
629000,2,2,1270,0,2009,2,1044
449000,2,2,865,0,1905,0,1044
265000,1,1,630,630,1925,0,1045
650000,3,3,2151,1470,1920,0,1050
829000,2,2,1650,0,2013,1,1050
350000,1,1,724,0,1890,0,1050
406000,2,1,683,0,1900,1,1050
599000,4,2,1896,1553,1900,0,1051
599000,3,2.5,1782,1560,1890,1,1053
353000,3,1,910,1218,1890,0,1053
489000,1,1,1051,0,1910,1,1053
491000,3,1,1040,1812,1900,0,1054
610000,3,2.5,1470,1250,2008,0,1054
350500,1,1,623,623,1880,0,1054
529000,2,2,1060,0,1899,0,1054
418000,2,1,725,0,1920,2,1054
506000,2,2,1564,1530,1905,0,1058
568500,2,2.5,1309,0,1900,1,1058
650000,4,1,2040,0,1910,0,1058
825000,4,2.5,1890,905,1893,0,1059
284000,1,1,620,620,1930,0,1060
399900,2,1.5,861,0,1900,0,1060
399900,2,1.5,861,0,1900,0,1060
284000,1,1,620,0,1930,0,1060
499000,2,2,1158,1158,2003,1,1061
700000,3,3,2010,900,1875,0,1061
364500,2,1,701,701,1900,0,1061
699000,2,2.5,1200,0,2014,1,1061
530000,2,2,1209,1052,1905,1,1065
685000,2,2.5,1200,0,2014,1,1065
668000,3,2.5,1697,0,1993,2,1065
385000,2,1.5,860,0,1930,0,1065
385000,2,1.5,860,0,1930,0,1065
645000,2,2,1257,1257,2004,4,1066
365000,1,1,674,674,1890,0,1066
884000,3,3,1965,1965,2013,2,1067
530000,3,1,1423,1423,1880,0,1067
825000,3,2.5,2250,1260,2003,1,1067
575000,2,2,1025,1025,1890,0,1067
294500,1,1,636,0,1900,0,1067
660000,2,3,2019,1375,1900,2,1068
700000,2,2.5,1210,0,2014,1,1068
769000,3,2.5,1300,0,2014,4,1068
508000,2,1.5,993,0,1905,0,1068
769000,2,1,1319,0,1900,0,1068
430000,2,1,1180,0,1989,0,1068
520000,2,2,1070,1070,1902,0,1071
545000,3,2,1241,1241,1905,0,1072
399000,2,2.5,1050,725,1895,0,1072
395000,3,2,888,0,2000,0,1072
425000,1,1,714,0,1905,1,1072
489000,3,1,1115,0,1900,0,1072
330000,2,1,765,0,1920,0,1078
1199000,8,3,3710,1938,1903,0,1079
1375000,6,3,3824,1710,1890,0,1079
475000,2,1,1312,0,1890,0,1080
381000,2,1,658,0,1890,1,1080
510000,2,2,1004,0,1910,1,1081
340000,2,1,595,0,1946,0,1081
385000,2,1,655,0,1900,0,1085
491000,2,2,1040,0,1905,0,1087
340000,3,1.5,948,0,1890,0,1087
465000,2,1,917,0,1900,0,1090
485000,2,2,1219,1219,1900,1,1091
345000,2,1,915,915,2005,1,1091
349900,1,1,594,594,1920,0,1091
319250,1,1,645,0,1890,0,1091
560000,2,2.5,1190,0,1905,0,1093
505000,3,1.5,1422,973,1890,0,1094
504000,2,1.5,1120,960,1925,0,1094
590000,2,2,1129,0,1920,2,1094
572400,2,2,1000,0,1905,2,1094
572400,2,2,1000,0,1905,2,1094
395000,1,1,665,0,1920,1,1094
1370000,6,4,3613,0,1890,0,1095
500000,3,1.5,1184,870,1900,2,1099
715000,2,2,1225,6694,2014,1,1100
577000,2,2,1393,0,2014,2,1100
482000,2,1,950,950,1890,0,1101
315000,1,1,587,0,1890,1,1101
632000,2,2,1170,6694,2014,1,1105
504000,2,2,1248,1248,2012,0,1105
950000,5,3.5,2520,0,1905,0,1105
450000,3,1,1020,1020,1890,2,1108
441000,2,1,767,767,1905,0,1108
840000,2,2.5,1745,0,2014,2,1108
444000,2,2,849,0,1905,0,1108
444000,2,2,849,0,1905,0,1108
388000,2,1,804,0,1989,0,1108
845000,5,3,2592,2139,1880,0,1109
575000,2,3,1470,1470,1900,1,1109
449000,2,1.5,1055,1055,1890,0,1109
355000,1,1,700,700,1890,0,1109
557000,2,2,1546,0,1910,0,1109
545000,3,2,1562,0,1899,0,1109
329000,1,1,806,0,1984,0,1109
662500,2,1,1271,0,1899,1,1109
662500,2,1,1271,0,1899,0,1109
405000,2,1,732,0,1890,0,1109
590000,4,1.5,1428,1343,1900,0,1112
839000,2,2.5,1409,0,2010,2,1112
455000,4,2,1400,1650,1900,0,1113
433000,2,1.5,1206,1056,1890,0,1114
576000,3,1.5,1700,2161,1900,0,1115
465000,2,2,1174,0,2000,0,1115
492000,2,2,837,0,1890,0,1118
638000,2,2,1690,6694,2014,2,1120
530000,2,2,1152,1152,1880,0,1122
375000,3,1,929,0,1900,0,1122
710000,4,3,2076,1812,1888,0,1126
558000,2,2.5,1201,0,1890,0,1127
419000,2,1,741,0,1900,0,1127
990000,3,2,2017,2017,1982,3,1128
540000,1,1.5,1032,0,2003,1,1128
1075000,6,3,3006,0,1930,0,1129
518000,2,2,880,0,1890,0,1129
640000,2,2,1915,0,1920,1,1133
690000,2,2,1457,0,1960,0,1134
499000,2,1.5,1185,0,1890,0,1134
714000,2,2,1375,1375,2012,1,1135
351000,1,1,1010,0,1920,0,1136
580000,2,2.5,1310,1192,1899,0,1141
474900,2,1,800,800,2006,2,1141
580000,2,2.5,1192,0,1899,0,1141
820000,4,1,1876,0,1900,0,1141
810000,3,2,2263,2146,1910,0,1142
615000,2,2,1690,6694,2014,1,1143
415000,2,1,1100,0,1989,2,1143
759000,3,2.5,1300,0,2014,2,1144
449000,1,1,898,7750,1900,1,1145
500000,2,2,871,0,1925,0,1145
500000,2,2,871,0,1900,0,1145
800000,3,3.5,1770,0,1890,0,1148
362000,2,1,663,9999,1920,0,1149
559000,2,2.5,1118,9999,1890,1,1152
1500000,2,3.5,2517,0,1987,0,1152
362000,2,1,673,1923,1900,0,1155
589000,2,1.5,1076,0,1910,0,1155
705000,3,2,1422,2000,2010,4,1156
705000,2,2,1422,0,2007,0,1156
935100,2,2.5,1942,1942,2012,4,1157
725500,3,2,1787,1787,1911,2,1157
725500,3,2,1787,0,1911,0,1157
330000,2,1,586,0,1890,0,1157
254502,1,1,702,702,2005,1,1159
979000,3,2.5,2073,0,2014,4,1159
530000,2,2,997,0,1932,0,1159
530000,2,2,931,0,1875,0,1159
530000,2,2,931,0,1875,0,1159
510000,2,2,1053,0,1900,0,1159
412500,2,1,800,0,1895,0,1159
979000,3,2.5,2099,0,2014,4,1163
510000,3,1,1230,1230,1910,0,1164
465000,2,1,860,0,2000,0,1164
725000,4,2.5,1620,1820,1988,3,1165
544000,3,2.5,1772,1560,1890,1,1166
1175000,4,4,2000,1462,2014,4,1166
1175000,4,4,2000,1462,2014,4,1166
849000,2,2.5,1881,0,2012,0,1166
725000,3,1.5,1620,0,1988,0,1166
480500,2,1,812,0,1890,0,1166
1350000,3,3.5,2522,2522,1987,1,1170
530000,2,1.5,1101,1101,2001,0,1170
725000,4,2,2242,0,1890,0,1170
685000,3,2,1355,3125,1890,0,1171
616000,2,2.5,1416,1416,1900,0,1171
390000,2,2,896,896,2003,0,1171
460000,2,1,1088,0,1890,0,1172
535000,3,1,950,3198,1900,0,1175
525000,2,2,1006,1006,1910,0,1175
520000,2,1.5,926,900,1850,0,1175
760000,3,3,2340,0,1900,0,1177
700000,4,1,1890,0,1900,0,1177
382500,2,1,1035,1650,1905,0,1179
493000,2,2,997,997,1905,0,1179
691000,3,2,1357,0,2015,0,1179
567500,2,2,1020,0,2004,0,1182
1100000,2,2.5,1866,0,2015,2,1183
819000,2,2,1465,0,2015,2,1183
650000,4,3.5,1962,2125,1880,0,1184
807050,3,2.5,1462,1462,1899,1,1184
395000,1,1,908,0,1984,1,1184
252000,1,1,500,0,1900,0,1184
675000,2,2,1492,1492,1905,0,1185
457000,2,2,891,891,1900,1,1185
600000,3,1.5,1460,1170,2010,1,1186
480000,2,1,802,802,1890,0,1190
318000,1,1,662,662,1930,0,1190
670000,4,2,1692,0,1900,0,1190
640000,3,2,1800,1495,1890,0,1191
457000,2,2,880,880,1875,0,1191
969000,3,2.5,2060,0,2014,4,1191
764000,2,2,1324,0,2011,2,1191
318000,1,1,662,0,1930,0,1191
327500,2,1,713,0,1939,0,1191
487000,2,2,835,0,1890,0,1193
449000,2,1,887,0,1890,0,1193
340000,2,1,972,0,1905,0,1193
660000,2,2,1350,5526,2014,2,1197
523000,2,2,970,0,1910,0,1197
175000,1,1,517,0,1920,0,1197
675000,2,2,1177,6694,2015,1,1198
577500,2,1,984,984,1920,1,1198
340000,1,1,675,675,1899,0,1198
527000,2,2,1060,0,1880,0,1198
565000,3,2,1001,0,1890,0,1198
425000,2,1,918,918,1900,0,1199
850000,3,3,2019,0,1890,0,1199
1150000,2,2,2150,0,2014,2,1199
1130000,2,2,1842,0,2007,2,1199
792000,2,2,1390,0,2014,2,1199
675000,2,2,1047,0,2014,2,1199
608000,2,2,1114,0,1890,0,1199
575000,2,2,1260,0,1920,2,1199
560000,2,2,1113,0,1920,0,1199
399000,1,1.5,790,0,1890,0,1199
416000,1,1,830,0,1890,0,1199
577500,2,1,984,0,1920,0,1199
430000,2,1.5,972,972,1987,1,1200
960000,3,2.5,2060,0,2014,4,1200
680000,2,2,1410,0,1900,0,1200
555000,2,2,1069,0,1890,0,1200
508000,2,2,969,0,1905,0,1200
500000,2,2,996,0,1906,0,1200
500000,2,2,996,0,1906,0,1200
310000,1,1,507,0,1910,0,1200
522000,2,1.5,1110,1110,1920,0,1203
495000,2,1,948,948,1899,1,1203
900000,2,2,1745,0,2015,1,1203
879000,2,2,1690,0,2013,1,1203
840000,2,2,1745,0,2015,1,1203
825000,2,2,1700,0,2013,1,1203
820000,2,1,1270,0,1899,0,1203
650000,2,2,1122,0,2014,2,1204
419000,2,2,912,912,1899,0,1205
829000,2,2,1745,0,2015,1,1205
635000,2,2,1131,1131,1905,0,1210
496000,2,2,1073,1073,1945,0,1210
375000,2,1,800,800,1960,0,1210
375000,2,1,800,800,1960,0,1210
400000,1,1,678,0,1900,0,1211
709000,2,2,1276,1276,2011,2,1213
559000,2,2,925,0,1900,0,1213
860000,2,2,1492,1492,2012,2,1214
669000,2,2,1207,0,1900,0,1214
384000,1,1,615,0,1915,0,1214
603000,2,2,1220,1362,1920,1,1217
440000,1,1,750,750,2006,0,1217
440000,1,1,750,750,2006,0,1217
603900,1,2,1362,0,2000,0,1217
812500,2,2,1490,0,2010,0,1217
505000,2,1,914,0,1920,0,1217
715000,1,2,1158,0,1900,2,1219
575000,2,2,925,0,1900,0,1219
450000,2,1,886,0,1900,0,1220
518000,2,2,957,0,1900,0,1225
518000,2,2,957,0,1920,0,1225
839000,3,2,1581,999,2012,4,1226
385000,1,1,712,0,1905,0,1226
667500,2,2,1247,1247,1890,0,1227
840000,1,2,1498,0,1906,0,1227
940000,2,2,1546,0,2011,2,1227
649000,2,2,1037,0,2013,1,1227
710000,2,2,1381,5526,2014,2,1228
491000,2,2,1163,1163,1905,0,1228
584000,3,2.5,1259,798,1873,0,1228
445000,1,1,705,705,1900,0,1228
650000,2,2,1100,0,1910,1,1228
491000,2,2,1163,0,1905,0,1228
610000,2,1.5,1158,0,1900,2,1228
550000,2,1,1280,0,1886,0,1228
427000,2,1,731,0,1900,1,1228
1260000,2,2,2075,2075,2008,2,1230
692000,2,2,1276,1276,2010,1,1230
564000,2,2,1092,1092,1915,0,1230
407000,2,1,787,787,1989,2,1230
321000,1,1,662,662,1930,0,1230
600000,2,2.5,1438,0,1899,0,1230
585000,2,2,948,0,2007,1,1230
325000,1,1,650,0,1900,0,1230
470000,2,1,761,0,1900,0,1230
799000,2,2,1300,0,2014,1,1231
415250,2,1,855,855,1905,0,1232
669000,2,2,1405,6250,1900,0,1233
410000,1,1,660,1000,1900,1,1233
650000,2,2,1209,0,1900,0,1233
1210000,4,4,3000,2000,2014,2,1234
837600,3,2,1845,0,2015,1,1237
459000,1,1.5,850,850,1905,0,1238
483000,2,1.5,1087,1117,1890,1,1239
450000,3,2,939,922,2000,1,1240
650000,3,2.5,1180,990,1900,0,1241
470000,1,1,774,774,1875,0,1241
479000,2,1,800,0,1890,0,1241
879000,2,2,1700,0,2013,1,1242
603000,3,1,1310,1434,1900,0,1244
373000,2,1,807,807,1899,0,1244
730000,2,2.5,1384,0,1890,1,1244
899000,2,2,1690,0,2013,1,1244
880000,2,2,1745,0,2015,1,1244
845000,2,2,1600,0,2013,1,1244
546301,2,2,910,0,1910,0,1244
880000,3,2,1845,0,2015,1,1244
880000,3,2,1845,0,2013,1,1244
550000,2,1.5,1137,1157,1890,0,1245
869000,2,2,1600,0,2015,1,1245
692000,3,2,1446,0,1890,0,1245
850000,2,2.5,1713,0,1900,2,1248
929000,2,2,1745,0,2015,1,1248
814000,2,2,1740,0,2013,1,1248
625000,2,2,1072,1072,1900,0,1251
585000,2,2,933,0,1900,0,1251
530000,2,2,835,0,1900,0,1252
508000,2,1,875,875,1880,0,1254
425000,2,1,824,824,1890,0,1254
715000,3,2,1570,0,2006,4,1254
829000,3,2.5,1978,1742,1900,1,1255
545000,2,1.5,860,860,2006,2,1255
380000,1,1,605,605,1899,0,1255
779000,2,2,1203,999,2015,2,1256
1087500,3,3,2000,9999,2013,2,1257
1087500,3,3,2000,9999,2013,2,1257
350000,1,1,574,574,1890,0,1258
495000,2,1.5,928,0,1890,0,1258
1300000,7,3,2417,1213,1900,0,1259
1300000,7,3,2720,1163,1900,0,1259
629000,3,2,1515,1053,1890,1,1259
460000,2,1,950,950,1895,0,1259
365000,1,1,590,590,1930,0,1259
1000000,2,2.5,1886,0,2007,2,1259
442000,1,1,700,0,1930,0,1259
452000,2,1,845,0,1900,0,1259
410000,2,1,725,0,1890,0,1259
432000,2,1,827,995,1905,0,1260
476000,2,1.5,777,777,1900,0,1260
1055000,4,3,1771,0,2000,5,1260
920000,2,2.5,1881,0,2012,2,1260
595000,2,2,1260,0,1890,0,1260
480000,2,2,812,0,2015,0,1260
954000,3,2.5,2165,0,2014,4,1261
485000,2,1,902,0,1899,0,1265
475000,2,2.5,1039,0,1910,0,1266
649000,2,2,1207,0,1900,0,1266
389000,1,1,600,0,1890,0,1266
400000,2,1,870,0,1890,0,1266
620000,2,3,1300,0,1910,0,1267
490000,2,2,1178,0,1900,0,1267
430000,2,1,1000,0,1955,0,1268
430000,2,1,1000,0,1955,0,1268
595000,2,2,1119,1119,1905,0,1269
604000,2,1.5,1041,0,1900,1,1269
470000,2,1,895,0,1972,1,1269
1625000,7,4,3080,1080,1905,0,1272
475000,2,2,924,924,2000,1,1273
560000,2,2,1101,0,1900,1,1273
559000,2,2,1013,0,1899,0,1273
485000,2,2,1124,0,1890,0,1273
544000,2,2,963,963,1920,0,1274
920000,2,2,1490,0,2011,2,1274
520000,2,1,875,0,1900,0,1274
498000,2,1,800,0,1900,0,1274
500500,2,1.5,840,944,1900,0,1276
342500,1,1,581,700,1899,0,1276
613500,2,2,957,0,1900,1,1276
740000,3,2,1595,0,1900,4,1276
416000,2,1,815,0,1900,0,1276
402500,2,1,668,668,1890,0,1279
696500,4,2.5,1704,2252,1890,0,1281
310000,1,1,569,569,1918,0,1281
695000,2,2,1111,0,1900,2,1281
407000,3,1,964,964,1905,0,1282
323000,2,1,561,0,1890,0,1282
536000,2,2,1195,1195,2004,1,1283
530000,2,1,950,950,1890,0,1283
1650000,3,3,2815,0,2015,2,1283
854000,3,3,1718,0,1890,2,1283
682000,2,2.5,1306,0,2015,0,1283
710000,2,2,1115,1306,2012,1,1286
980000,3,3.5,1826,0,2013,4,1287
426000,1,1,672,672,1890,0,1288
310000,1,1,540,0,1946,1,1288
411000,2,1,745,0,1900,0,1288
1299000,4,2.5,2484,4007,1930,4,1289
909000,2,2.5,1850,1850,2011,2,1289
600000,2,1.5,1059,1059,1910,0,1289
319000,1,1,584,584,1900,0,1289
715000,3,2,1198,0,1910,0,1289
343750,1,1.5,615,0,1900,0,1289
705000,5,2,1736,1899,1890,0,1290
799000,3,2,1360,1360,1899,2,1290
600000,2,1,1212,1212,2011,1,1290
685000,2,2,1200,917,1890,1,1290
435000,2,1,761,761,2001,0,1290
950000,3,3,2300,0,1900,1,1290
625000,2,2.5,1135,0,1890,0,1290
699000,3,2.5,1676,0,1875,0,1290
740000,2,2,1225,0,2007,4,1290
555000,2,1,902,0,1900,0,1290
539000,2,1,855,0,1905,0,1290
347000,1,1,625,1343,1900,0,1292
430000,2,1.5,941,941,1873,0,1292
580000,2,1.5,928,0,1905,2,1292
375000,1,1,636,0,1910,0,1292
422500,2,1,701,0,1910,0,1292
670000,2,2,1450,0,2009,2,1293
840000,3,2,1725,0,1900,2,1294