495000.0,1938.0,0.0,1890.0,0.0
545000.0,1351.0,0.0,2012.0,1.0
572056.0,1621.0,0.0,2012.0,4.0
620000.0,1685.0,0.0,2012.0,4.0
480000.0,1089.0,0.0,2007.0,2.0
600000.0,1685.0,0.0,2012.0,4.0
390500.0,1188.0,0.0,2008.0,2.0
390500.0,1045.0,0.0,2006.0,0.0
1460000.0,2486.0,2729.0,1987.0,2.0
612000.0,2001.0,1108.0,2012.0,0.0
650000.0,2700.0,1079.0,1921.0,0.0
750000.0,2043.0,0.0,2012.0,4.0
579000.0,1932.0,0.0,2012.0,2.0
425000.0,1850.0,0.0,1890.0,0.0
475000.0,1026.0,0.0,2007.0,2.0
612960.0,1719.0,0.0,2007.0,2.0
390000.0,1164.0,0.0,1890.0,2.0
570000.0,2160.0,2566.0,1875.0,0.0
470000.0,1223.0,1223.0,1890.0,0.0
560000.0,1467.0,0.0,2012.0,1.0
390000.0,761.0,0.0,1890.0,0.0
220000.0,3318.0,0.0,1905.0,0.0
505000.0,1031.0,0.0,2007.0,2.0
437000.0,1521.0,1521.0,1905.0,0.0
535000.0,1218.0,1218.0,1900.0,0.0
540000.0,1427.0,0.0,1900.0,1.0
610000.0,1324.0,0.0,2007.0,2.0
399000.0,1098.0,0.0,1900.0,0.0
630500.0,1117.0,0.0,2008.0,2.0
408000.0,2126.0,0.0,1890.0,0.0
420500.0,1100.0,3750.0,1899.0,2.0
471000.0,1450.0,0.0,1890.0,0.0
293000.0,650.0,650.0,1930.0,0.0
460000.0,1168.0,0.0,1999.0,4.0
307000.0,961.0,0.0,1900.0,0.0
293000.0,650.0,0.0,1930.0,0.0
475000.0,1944.0,3000.0,1900.0,2.0
245000.0,500.0,500.0,1900.0,0.0
1090000.0,2115.0,0.0,2007.0,2.0
425000.0,1257.0,0.0,2009.0,2.0
350000.0,828.0,828.0,1900.0,0.0
450000.0,1302.0,0.0,1875.0,0.0
532000.0,1149.0,0.0,1900.0,1.0
357000.0,753.0,753.0,1899.0,1.0
579000.0,1932.0,0.0,2012.0,2.0
435000.0,1200.0,0.0,2004.0,1.0
385000.0,944.0,944.0,2002.0,2.0
464900.0,1140.0,1140.0,2005.0,1.0
750000.0,3249.0,2213.0,1905.0,0.0
439900.0,1358.0,999.0,1890.0,0.0
750000.0,3249.0,0.0,1905.0,0.0
480000.0,1135.0,0.0,1910.0,0.0
445000.0,924.0,0.0,1900.0,0.0
445000.0,924.0,0.0,1900.0,0.0
622500.0,1581.0,0.0,2012.0,4.0
390000.0,895.0,0.0,2005.0,2.0
380000.0,671.0,0.0,1890.0,0.0
360000.0,827.0,0.0,1900.0,0.0
345000.0,642.0,945.0,2006.0,1.0
385000.0,1104.0,0.0,2000.0,1.0
419000.0,1257.0,0.0,2009.0,2.0
367000.0,1236.0,1236.0,1900.0,0.0
458000.0,1035.0,0.0,2004.0,2.0
390000.0,720.0,0.0,1900.0,0.0
325000.0,1200.0,1744.0,1928.0,0.0
325000.0,1200.0,1744.0,1928.0,0.0
650000.0,1286.0,0.0,2007.0,2.0
405000.0,874.0,0.0,1890.0,0.0
263000.0,740.0,740.0,1890.0,1.0
597000.0,1493.0,0.0,2011.0,4.0
422500.0,876.0,0.0,2003.0,2.0
366500.0,890.0,0.0,1890.0,1.0
791000.0,1872.0,0.0,1906.0,2.0
500000.0,1500.0,1440.0,1900.0,0.0
500000.0,1500.0,1440.0,1900.0,0.0
400000.0,703.0,703.0,1890.0,1.0
274200.0,772.0,0.0,1920.0,0.0
459000.0,940.0,9999.0,2009.0,2.0
434000.0,902.0,902.0,2003.0,1.0
599000.0,1494.0,0.0,2012.0,1.0
175000.0,590.0,0.0,1890.0,0.0
378000.0,879.0,0.0,1905.0,0.0
234000.0,582.0,0.0,2012.0,0.0
575000.0,1537.0,1337.0,1890.0,0.0
425000.0,1201.0,1201.0,1890.0,0.0
665000.0,2880.0,1080.0,1900.0,0.0
305000.0,905.0,905.0,1972.0,1.0
365000.0,1167.0,1167.0,1900.0,2.0
370000.0,815.0,945.0,2006.0,1.0
860000.0,2658.0,0.0,1890.0,0.0
393000.0,856.0,0.0,1900.0,0.0
450000.0,1343.0,0.0,1899.0,0.0
850000.0,3891.0,2055.0,1905.0,0.0
282000.0,1172.0,1500.0,1850.0,0.0
455000.0,1063.0,0.0,1900.0,0.0
820000.0,1345.0,60983.0,2007.0,2.0
260000.0,903.0,903.0,2005.0,1.0
346500.0,738.0,817.0,1920.0,2.0
369000.0,1020.0,0.0,1890.0,1.0
555000.0,2400.0,1806.0,1900.0,0.0
207000.0,524.0,524.0,1900.0,0.0
551000.0,4119.0,0.0,1900.0,0.0
551000.0,1250.0,0.0,1899.0,2.0
551000.0,1250.0,0.0,1899.0,2.0
385000.0,1379.0,1379.0,1905.0,1.0
422000.0,1017.0,1017.0,1890.0,0.0
295000.0,763.0,763.0,1905.0,0.0
275000.0,1240.0,704.0,1910.0,0.0
340000.0,610.0,610.0,1890.0,0.0
469000.0,1283.0,0.0,1880.0,0.0
860000.0,1650.0,0.0,2007.0,2.0
555000.0,1471.0,0.0,1900.0,2.0
390000.0,1320.0,0.0,1890.0,0.0
400000.0,1904.0,0.0,1834.0,0.0
270000.0,617.0,0.0,1890.0,0.0
620000.0,1936.0,5520.0,1905.0,0.0
406000.0,1437.0,0.0,1920.0,0.0
390000.0,934.0,0.0,1899.0,0.0
395000.0,1368.0,1897.0,1900.0,0.0
430000.0,1161.0,1161.0,2004.0,1.0
470000.0,1408.0,0.0,1890.0,0.0
645000.0,2587.0,2755.0,1864.0,0.0
527000.0,1233.0,1233.0,2003.0,2.0
527000.0,1233.0,0.0,2003.0,0.0
375000.0,974.0,0.0,1905.0,0.0
360000.0,950.0,0.0,2011.0,2.0
321500.0,935.0,0.0,2011.0,0.0
508620.0,2432.0,0.0,2008.0,0.0
500000.0,2201.0,0.0,1890.0,0.0
508620.0,1084.0,0.0,2009.0,2.0
595000.0,2248.0,1049.0,1890.0,0.0
481000.0,1084.0,0.0,2009.0,2.0
640000.0,2050.0,0.0,1900.0,0.0
362000.0,945.0,0.0,1910.0,0.0
365000.0,938.0,0.0,2005.0,2.0
362000.0,945.0,0.0,1910.0,0.0
545000.0,1277.0,0.0,1830.0,1.0
635000.0,1196.0,0.0,2012.0,4.0
635000.0,1208.0,0.0,2011.0,0.0
435000.0,1220.0,1208.0,1900.0,0.0
289000.0,1105.0,1105.0,1905.0,0.0
434000.0,947.0,0.0,1890.0,0.0
278000.0,595.0,0.0,1890.0,0.0
522500.0,3318.0,4424.0,1920.0,0.0
387000.0,903.0,0.0,1920.0,0.0
615000.0,2730.0,0.0,1910.0,0.0
625000.0,1122.0,0.0,2005.0,4.0
377500.0,1796.0,1796.0,1985.0,0.0
315000.0,1248.0,1579.0,1890.0,0.0
710000.0,2400.0,1259.0,1900.0,0.0
600000.0,2622.0,0.0,1920.0,0.0
380000.0,722.0,0.0,1890.0,0.0
385000.0,755.0,0.0,2012.0,2.0
345000.0,560.0,560.0,1900.0,0.0
505000.0,1263.0,1263.0,2004.0,4.0
340000.0,1272.0,887.0,1850.0,0.0
540000.0,1740.0,0.0,1890.0,0.0
540000.0,1740.0,0.0,1890.0,0.0
850000.0,3456.0,0.0,1900.0,0.0
820000.0,1650.0,0.0,2007.0,2.0
679000.0,1374.0,0.0,2012.0,4.0
565000.0,1081.0,0.0,2004.0,2.0
412500.0,895.0,0.0,1856.0,2.0
525000.0,1690.0,0.0,1900.0,0.0
607000.0,1754.0,1754.0,1900.0,0.0
595000.0,1199.0,1199.0,2003.0,2.0
280000.0,1170.0,1170.0,1900.0,0.0
640000.0,3312.0,0.0,1895.0,0.0
280000.0,2108.0,0.0,1900.0,0.0
589000.0,1122.0,0.0,2012.0,4.0
589000.0,1078.0,0.0,2011.0,0.0
480000.0,811.0,0.0,2007.0,2.0
855000.0,1794.0,0.0,2012.0,4.0
855000.0,1793.0,0.0,2011.0,0.0
460000.0,1060.0,1060.0,1900.0,1.0
446000.0,1026.0,1026.0,1900.0,0.0
582000.0,1500.0,0.0,1905.0,0.0
690000.0,1376.0,0.0,2012.0,4.0
690000.0,1381.0,0.0,2011.0,0.0
630000.0,1196.0,0.0,2012.0,2.0
630000.0,1205.0,0.0,2011.0,0.0
432500.0,1209.0,0.0,2004.0,1.0
265000.0,629.0,0.0,2012.0,0.0
599000.0,1114.0,1114.0,2008.0,1.0
855000.0,1794.0,0.0,2012.0,4.0
405000.0,873.0,0.0,2012.0,2.0
399000.0,765.0,0.0,2012.0,2.0
278000.0,824.0,824.0,1920.0,0.0
940000.0,1864.0,0.0,2007.0,2.0
850000.0,2714.0,1697.0,1900.0,0.0
505000.0,1890.0,967.0,1900.0,0.0
580000.0,1076.0,0.0,2012.0,4.0
305000.0,720.0,0.0,1939.0,1.0
199500.0,1644.0,0.0,1900.0,0.0
430000.0,1563.0,1563.0,1890.0,0.0
599000.0,1440.0,0.0,2012.0,2.0
587000.0,1430.0,0.0,2012.0,2.0
322500.0,860.0,0.0,1946.0,1.0
580000.0,2734.0,3500.0,1930.0,0.0
615000.0,1898.0,1289.0,1890.0,2.0
625000.0,2352.0,1099.0,1900.0,0.0
301000.0,1830.0,1125.0,1885.0,1.0
485900.0,936.0,936.0,1890.0,2.0
375000.0,3286.0,0.0,2009.0,0.0
525000.0,970.0,0.0,2011.0,0.0
405000.0,1386.0,1386.0,1993.0,1.0
525000.0,972.0,0.0,2012.0,4.0
250000.0,703.0,703.0,2005.0,1.0
457000.0,1102.0,1102.0,1905.0,0.0
330000.0,2290.0,0.0,1890.0,0.0
409000.0,1605.0,1365.0,1890.0,0.0
541125.0,1500.0,1360.0,1899.0,1.0
541125.0,1500.0,1360.0,1899.0,1.0
875000.0,2275.0,0.0,1890.0,0.0
537500.0,1404.0,0.0,2000.0,1.0
345000.0,1119.0,0.0,1890.0,0.0
418000.0,1074.0,0.0,1993.0,1.0
562000.0,1362.0,0.0,1910.0,1.0
350000.0,858.0,0.0,1905.0,0.0
340000.0,871.0,0.0,1920.0,1.0
337000.0,1656.0,1161.0,1890.0,0.0
433000.0,1082.0,2014.0,1900.0,1.0
433000.0,2374.0,0.0,1900.0,0.0
316000.0,570.0,570.0,1900.0,0.0
525000.0,1115.0,0.0,2012.0,4.0
426000.0,807.0,0.0,1900.0,0.0
205000.0,1268.0,1279.0,1880.0,0.0
350000.0,1628.0,0.0,1890.0,0.0
355000.0,811.0,811.0,1989.0,2.0
537000.0,1798.0,0.0,1910.0,0.0
537000.0,1200.0,0.0,1900.0,1.0
530000.0,1263.0,0.0,2004.0,0.0
597500.0,1552.0,0.0,2007.0,4.0
597500.0,1552.0,0.0,1930.0,0.0
487000.0,1110.0,0.0,1890.0,0.0
319000.0,892.0,0.0,1890.0,0.0
410000.0,928.0,0.0,1880.0,0.0
245000.0,600.0,0.0,1890.0,0.0
649000.0,1405.0,0.0,1900.0,0.0
420000.0,866.0,0.0,2006.0,0.0
359000.0,875.0,1000.0,1899.0,0.0
470000.0,1019.0,0.0,1905.0,0.0
321000.0,742.0,0.0,1890.0,0.0
327500.0,780.0,780.0,2007.0,1.0
285000.0,550.0,0.0,1900.0,1.0
250000.0,500.0,0.0,1900.0,0.0
327500.0,776.0,0.0,2007.0,0.0
577800.0,943.0,0.0,2006.0,0.0
410000.0,1010.0,0.0,1900.0,0.0
460000.0,1619.0,0.0,1988.0,0.0
244000.0,598.0,0.0,1900.0,0.0
395000.0,738.0,0.0,1900.0,0.0
270000.0,907.0,0.0,2005.0,1.0
579000.0,1310.0,1310.0,1910.0,2.0
550000.0,1167.0,1167.0,1906.0,0.0
430500.0,1114.0,1114.0,1900.0,0.0
589000.0,2040.0,0.0,1900.0,0.0
587500.0,1129.0,0.0,1906.0,2.0
440000.0,1136.0,0.0,1890.0,0.0
440000.0,1136.0,0.0,1899.0,0.0
465000.0,797.0,0.0,2007.0,2.0
324000.0,737.0,0.0,1920.0,0.0
304000.0,675.0,0.0,2003.0,1.0
304000.0,675.0,0.0,2003.0,0.0
244000.0,598.0,0.0,1900.0,0.0
525000.0,1269.0,0.0,1900.0,2.0
265500.0,715.0,0.0,2003.0,1.0
392000.0,800.0,0.0,1905.0,0.0
106000.0,1350.0,0.0,1985.0,0.0
270000.0,736.0,0.0,1920.0,0.0
718000.0,2256.0,0.0,1900.0,0.0
250000.0,1199.0,0.0,1886.0,0.0
419000.0,1868.0,0.0,1900.0,0.0
325000.0,635.0,0.0,1875.0,0.0
179000.0,560.0,0.0,1890.0,0.0
385000.0,800.0,0.0,1900.0,0.0
457000.0,1050.0,0.0,1900.0,0.0
396000.0,827.0,827.0,1904.0,0.0
595000.0,1224.0,0.0,1906.0,0.0
609500.0,2000.0,2604.0,2013.0,0.0
609500.0,2000.0,2604.0,2013.0,0.0
440000.0,1948.0,1854.0,1860.0,0.0
395000.0,1185.0,1185.0,1880.0,0.0
404000.0,845.0,845.0,1890.0,0.0
609500.0,1588.0,0.0,1890.0,0.0
800000.0,2208.0,0.0,1900.0,0.0
900000.0,1763.0,0.0,2007.0,2.0
570000.0,1167.0,0.0,1900.0,0.0
550000.0,1191.0,0.0,2003.0,2.0
333000.0,690.0,0.0,1900.0,0.0
142000.0,964.0,0.0,1905.0,0.0
465000.0,1938.0,0.0,1890.0,0.0
632500.0,1205.0,0.0,2011.0,1.0
465000.0,1150.0,0.0,1900.0,0.0
450000.0,1300.0,0.0,1930.0,0.0
465000.0,1060.0,0.0,1897.0,0.0
675000.0,1297.0,0.0,1906.0,0.0
557000.0,2484.0,0.0,1890.0,2.0
515000.0,1100.0,0.0,1900.0,0.0
495000.0,1600.0,1020.0,1890.0,0.0
515000.0,1798.0,0.0,1910.0,0.0
260000.0,671.0,0.0,1890.0,0.0
432500.0,1416.0,966.0,1988.0,1.0
343500.0,1238.0,0.0,1910.0,0.0
199900.0,515.0,515.0,1890.0,0.0
312000.0,553.0,0.0,1890.0,0.0
290000.0,782.0,0.0,1920.0,0.0
721500.0,2580.0,3000.0,1900.0,2.0
445000.0,802.0,802.0,1890.0,0.0
420000.0,1918.0,0.0,1900.0,0.0
845000.0,1544.0,0.0,2007.0,2.0
680000.0,1288.0,0.0,2003.0,2.0
400000.0,995.0,995.0,1890.0,0.0
500000.0,1005.0,0.0,2009.0,2.0
500000.0,1006.0,0.0,2007.0,0.0
437000.0,974.0,0.0,1899.0,0.0
430000.0,1105.0,1105.0,2006.0,0.0
750000.0,3267.0,0.0,1905.0,0.0
189000.0,1247.0,0.0,1900.0,0.0
620000.0,3492.0,0.0,1900.0,0.0
605000.0,1729.0,0.0,1899.0,0.0
330000.0,650.0,0.0,1900.0,0.0
439000.0,1043.0,1043.0,2005.0,1.0
410500.0,730.0,700.0,1890.0,2.0
695000.0,2268.0,0.0,1910.0,0.0
905000.0,1550.0,0.0,2006.0,0.0
440000.0,1215.0,0.0,1910.0,0.0
685000.0,2055.0,1520.0,1920.0,0.0
625000.0,2964.0,0.0,1860.0,0.0
332000.0,698.0,0.0,1900.0,0.0
329000.0,1932.0,0.0,1870.0,0.0
329000.0,1000.0,0.0,1900.0,0.0
329000.0,1000.0,0.0,1900.0,0.0
425000.0,758.0,0.0,2011.0,2.0
259000.0,500.0,0.0,1900.0,1.0
330000.0,1830.0,0.0,1910.0,0.0
262000.0,526.0,0.0,1899.0,0.0
262000.0,526.0,0.0,1899.0,0.0
395000.0,657.0,0.0,1924.0,0.0
420000.0,870.0,1200.0,1930.0,0.0
256500.0,507.0,507.0,1920.0,1.0
259000.0,1596.0,0.0,1899.0,0.0
575000.0,1298.0,0.0,2012.0,2.0
294000.0,700.0,0.0,1900.0,0.0
499000.0,1283.0,1283.0,2005.0,0.0
724000.0,2241.0,0.0,2006.0,4.0
285000.0,836.0,1034.0,1890.0,0.0
375000.0,678.0,678.0,1899.0,0.0
494000.0,1361.0,0.0,1890.0,0.0
344000.0,731.0,0.0,1900.0,0.0
442500.0,1542.0,0.0,2002.0,0.0
325000.0,668.0,0.0,1890.0,0.0
442500.0,1542.0,0.0,2003.0,1.0
679500.0,2000.0,2590.0,1905.0,2.0
679500.0,2000.0,2590.0,1905.0,2.0
740000.0,1334.0,1334.0,2007.0,1.0
360000.0,736.0,1130.0,1880.0,0.0
319000.0,680.0,680.0,1910.0,0.0
741000.0,1591.0,0.0,2012.0,2.0
338000.0,676.0,0.0,1905.0,0.0
559000.0,1594.0,1594.0,2003.0,2.0
795000.0,1856.0,0.0,2004.0,2.0
550000.0,1250.0,0.0,2008.0,1.0
550000.0,1250.0,0.0,2008.0,1.0
520000.0,1621.0,0.0,1910.0,1.0
425000.0,829.0,0.0,1910.0,0.0
370000.0,733.0,0.0,1904.0,0.0
370000.0,733.0,0.0,1904.0,0.0
349000.0,772.0,871.0,1920.0,0.0
335000.0,653.0,653.0,1890.0,0.0
340000.0,632.0,632.0,1905.0,0.0
890000.0,1897.0,0.0,2007.0,2.0
647500.0,1205.0,0.0,2011.0,1.0
569000.0,1191.0,0.0,2003.0,2.0
335000.0,653.0,0.0,1890.0,0.0
315000.0,640.0,0.0,1890.0,0.0
249600.0,687.0,0.0,1905.0,0.0
245000.0,870.0,0.0,1900.0,0.0
910000.0,2718.0,2032.0,1900.0,2.0
465000.0,1305.0,1270.0,1905.0,0.0
355050.0,808.0,808.0,1890.0,0.0
500000.0,2266.0,0.0,1900.0,0.0
415000.0,1698.0,0.0,2004.0,0.0
275000.0,600.0,0.0,1890.0,0.0
439000.0,1051.0,1051.0,2005.0,1.0
270500.0,1500.0,0.0,1905.0,0.0
270500.0,1500.0,0.0,1905.0,0.0
600000.0,1300.0,0.0,2006.0,0.0
380000.0,1200.0,0.0,1905.0,0.0
840000.0,2350.0,2313.0,2009.0,2.0
373500.0,808.0,808.0,1899.0,0.0
241200.0,571.0,571.0,1900.0,0.0
600000.0,1260.0,0.0,2006.0,0.0
556000.0,1645.0,0.0,2001.0,0.0
487680.0,1002.0,0.0,1900.0,0.0
373500.0,808.0,0.0,1899.0,0.0
725000.0,1386.0,0.0,2012.0,4.0
435000.0,1008.0,1008.0,1899.0,1.0
335000.0,580.0,0.0,1920.0,0.0
247000.0,550.0,0.0,1900.0,0.0
339000.0,560.0,560.0,1900.0,0.0
375000.0,790.0,0.0,1880.0,0.0
570000.0,1995.0,1995.0,1900.0,1.0
380000.0,764.0,764.0,1880.0,0.0
669000.0,1250.0,0.0,2013.0,2.0
669000.0,1250.0,0.0,2013.0,2.0
405000.0,1258.0,1006.0,1890.0,0.0
450000.0,805.0,805.0,2010.0,2.0
449000.0,782.0,782.0,1906.0,2.0
340000.0,615.0,0.0,2005.0,0.0
295000.0,648.0,0.0,1890.0,0.0
875000.0,1800.0,0.0,2013.0,2.0
659000.0,1350.0,0.0,2013.0,2.0
649000.0,1250.0,0.0,2013.0,2.0
649000.0,1250.0,0.0,2013.0,2.0
226100.0,1581.0,0.0,2012.0,0.0
215770.0,1150.0,0.0,2001.0,2.0
390000.0,782.0,0.0,1900.0,0.0
390000.0,782.0,0.0,1900.0,0.0
515000.0,1328.0,1328.0,1880.0,0.0
649000.0,1263.0,1263.0,1906.0,1.0
465000.0,1102.0,1102.0,1905.0,1.0
629000.0,2100.0,1100.0,1880.0,0.0
385000.0,737.0,737.0,1910.0,0.0
465000.0,1102.0,0.0,1905.0,0.0
290000.0,667.0,667.0,1890.0,0.0
255000.0,572.0,572.0,1890.0,0.0
287500.0,666.0,0.0,1890.0,0.0
214500.0,665.0,0.0,1930.0,0.0
420000.0,1577.0,1168.0,1900.0,0.0
273500.0,564.0,564.0,1900.0,0.0
577500.0,3222.0,0.0,1900.0,0.0
845000.0,1690.0,0.0,2007.0,2.0
588500.0,1216.0,0.0,1995.0,2.0
965000.0,4416.0,2660.0,1900.0,0.0
446000.0,1300.0,1171.0,1890.0,0.0
617000.0,2065.0,0.0,1900.0,0.0
375000.0,808.0,0.0,1899.0,0.0
450000.0,900.0,0.0,1905.0,0.0
504500.0,1280.0,2117.0,1890.0,0.0
500000.0,1229.0,0.0,1890.0,0.0
852025.0,2502.0,1418.0,1872.0,1.0
321300.0,621.0,0.0,1880.0,0.0
204000.0,872.0,0.0,1989.0,0.0
479000.0,1284.0,1284.0,2005.0,2.0
455000.0,1109.0,1109.0,2005.0,2.0
450000.0,1000.0,1097.0,2006.0,2.0
450000.0,1000.0,1097.0,2006.0,2.0
530000.0,1077.0,1077.0,1900.0,1.0
450000.0,970.0,0.0,2006.0,0.0
449000.0,760.0,0.0,1900.0,0.0
455000.0,1109.0,0.0,1920.0,0.0
355000.0,707.0,707.0,1890.0,0.0
290000.0,700.0,700.0,1880.0,0.0
360000.0,685.0,685.0,1910.0,1.0
465000.0,825.0,0.0,1890.0,1.0
424000.0,817.0,0.0,1890.0,0.0
520500.0,1327.0,1327.0,1890.0,0.0
385000.0,667.0,667.0,1890.0,0.0
679000.0,1275.0,0.0,2013.0,2.0
610000.0,1470.0,0.0,1890.0,0.0
385000.0,800.0,0.0,1920.0,1.0
385000.0,733.0,0.0,2009.0,0.0
385000.0,613.0,0.0,1920.0,0.0
685000.0,2304.0,1387.0,1890.0,0.0
640000.0,1695.0,954.0,1988.0,2.0
746000.0,2125.0,800.0,1890.0,0.0
289000.0,710.0,710.0,1910.0,0.0
389000.0,882.0,0.0,2005.0,0.0
1047800.0,2492.0,0.0,1900.0,0.0
374000.0,676.0,0.0,1890.0,0.0
505000.0,1198.0,0.0,1905.0,0.0
490000.0,1185.0,0.0,1885.0,0.0
440000.0,846.0,0.0,1890.0,0.0
374000.0,1047.0,0.0,1993.0,1.0
335000.0,612.0,0.0,1920.0,0.0
414000.0,848.0,0.0,1905.0,0.0
600000.0,1850.0,1850.0,2008.0,1.0
597500.0,1293.0,1293.0,2003.0,2.0
537000.0,1288.0,1288.0,1930.0,1.0
540000.0,1214.0,1214.0,1999.0,2.0
489000.0,1165.0,1165.0,1893.0,1.0
381500.0,721.0,721.0,1900.0,0.0
292000.0,560.0,560.0,1890.0,0.0
741000.0,1550.0,0.0,1890.0,0.0
597500.0,1313.0,0.0,2003.0,0.0
550000.0,1169.0,0.0,1999.0,4.0
540000.0,1227.0,0.0,1999.0,0.0
536000.0,1288.0,0.0,1930.0,0.0
499000.0,977.0,0.0,2006.0,0.0
437000.0,1218.0,0.0,1930.0,0.0
280000.0,637.0,0.0,1920.0,0.0
280000.0,637.0,0.0,1920.0,0.0
449000.0,991.0,0.0,1910.0,0.0
550000.0,727.0,727.0,1910.0,1.0
340000.0,654.0,654.0,1920.0,0.0
685000.0,3168.0,0.0,1915.0,0.0
600000.0,1850.0,0.0,2008.0,0.0
475000.0,1066.0,0.0,1910.0,2.0
291500.0,1581.0,0.0,2012.0,0.0
435000.0,843.0,0.0,2009.0,0.0
435000.0,843.0,0.0,1910.0,0.0
419000.0,687.0,0.0,1899.0,0.0
340000.0,639.0,0.0,1920.0,0.0
380000.0,1000.0,0.0,1900.0,0.0
380000.0,1000.0,0.0,1900.0,0.0
412000.0,695.0,695.0,1905.0,1.0
433000.0,850.0,0.0,2012.0,1.0
433000.0,850.0,0.0,2013.0,0.0
384000.0,800.0,800.0,1899.0,0.0
385000.0,1523.0,1018.0,1890.0,0.0
520000.0,1061.0,0.0,2012.0,1.0
534000.0,2303.0,0.0,1862.0,0.0
439000.0,1228.0,0.0,1890.0,0.0
392500.0,1115.0,0.0,1920.0,0.0
645000.0,1350.0,680.0,2013.0,4.0
292800.0,561.0,561.0,1905.0,0.0
429000.0,922.0,0.0,2012.0,1.0
419000.0,906.0,0.0,2012.0,1.0
850000.0,2267.0,3750.0,1900.0,3.0
379000.0,800.0,800.0,1899.0,0.0
415000.0,800.0,871.0,1900.0,0.0
504000.0,975.0,0.0,2012.0,1.0
415000.0,800.0,0.0,1900.0,0.0
284000.0,615.0,0.0,1910.0,0.0
100000.0,1650.0,0.0,1890.0,0.0
505000.0,1136.0,1166.0,1900.0,0.0
467000.0,1141.0,1141.0,1910.0,0.0
365000.0,830.0,830.0,1890.0,0.0
875000.0,3582.0,0.0,1905.0,0.0
774500.0,1454.0,0.0,2007.0,2.0
640000.0,1450.0,0.0,2011.0,2.0
568000.0,1348.0,0.0,2005.0,2.0
422500.0,817.0,0.0,1890.0,0.0
375000.0,1055.0,0.0,1905.0,0.0
386450.0,830.0,0.0,1980.0,1.0
355000.0,540.0,0.0,1946.0,0.0
290000.0,515.0,0.0,1900.0,0.0
441500.0,875.0,0.0,1905.0,0.0
355000.0,725.0,0.0,1946.0,1.0
360000.0,1102.0,0.0,1890.0,0.0
439000.0,858.0,858.0,1900.0,0.0
360000.0,655.0,0.0,1890.0,0.0
434000.0,1271.0,1271.0,1905.0,0.0
460000.0,1195.0,1195.0,1893.0,1.0
324000.0,694.0,694.0,1900.0,0.0
557000.0,1382.0,0.0,1899.0,1.0
620000.0,2502.0,1596.0,1890.0,0.0
620000.0,3468.0,0.0,1890.0,0.0
560000.0,1614.0,1446.0,1888.0,0.0
429000.0,929.0,929.0,1915.0,0.0
415000.0,902.0,902.0,1899.0,1.0
505000.0,1222.0,0.0,1900.0,1.0
596000.0,1824.0,0.0,1900.0,0.0
540000.0,1548.0,0.0,1899.0,0.0
535000.0,1685.0,0.0,1890.0,0.0
329000.0,550.0,0.0,1900.0,0.0
402000.0,820.0,0.0,2005.0,2.0
500000.0,1350.0,0.0,1890.0,0.0
485000.0,1279.0,0.0,1900.0,0.0
481000.0,1282.0,0.0,1905.0,0.0
545000.0,1035.0,1035.0,2004.0,2.0
437000.0,853.0,853.0,1905.0,0.0
829000.0,2100.0,0.0,2013.0,2.0
545000.0,1035.0,0.0,2004.0,0.0
569000.0,1146.0,2014.0,1900.0,0.0
830000.0,2100.0,0.0,2013.0,2.0
699000.0,2100.0,0.0,2013.0,2.0
439000.0,1288.0,0.0,1890.0,0.0
380000.0,1260.0,0.0,1930.0,0.0
830000.0,4175.0,1909.0,1890.0,0.0
819000.0,1708.0,1780.0,2006.0,5.0
515000.0,932.0,932.0,1920.0,1.0
412000.0,893.0,893.0,1890.0,0.0
685000.0,1705.0,0.0,1900.0,0.0
685000.0,1705.0,0.0,1890.0,0.0
600000.0,1230.0,0.0,2003.0,2.0
503000.0,1048.0,0.0,1900.0,0.0
465000.0,1018.0,0.0,1890.0,0.0
419000.0,932.0,0.0,1899.0,0.0
545000.0,1716.0,0.0,1880.0,0.0
499000.0,1725.0,3100.0,1880.0,0.0
535000.0,1552.0,1552.0,1899.0,0.0
399000.0,1136.0,1136.0,1905.0,0.0
489000.0,1123.0,1123.0,1905.0,0.0
335000.0,726.0,726.0,1910.0,0.0
498000.0,1150.0,0.0,1900.0,0.0
420000.0,701.0,0.0,1890.0,3.0
428000.0,807.0,0.0,1905.0,0.0
428000.0,807.0,0.0,1905.0,0.0
420000.0,723.0,0.0,1890.0,0.0
367000.0,715.0,0.0,1905.0,0.0
430500.0,1225.0,1225.0,1890.0,0.0
290000.0,569.0,569.0,1890.0,0.0
482500.0,818.0,0.0,1906.0,0.0
409000.0,970.0,970.0,1905.0,0.0
350000.0,846.0,846.0,1890.0,0.0
385000.0,846.0,846.0,1899.0,2.0
362000.0,963.0,0.0,2000.0,0.0
362000.0,963.0,0.0,2000.0,0.0
567000.0,1030.0,0.0,2007.0,1.0
525000.0,1656.0,0.0,1905.0,0.0
635000.0,1565.0,3750.0,1900.0,1.0
704500.0,2655.0,0.0,1890.0,0.0
625000.0,1650.0,9999.0,1890.0,0.0
1300000.0,1850.0,0.0,2007.0,4.0
616000.0,1250.0,0.0,1900.0,2.0
616000.0,1250.0,0.0,1900.0,2.0
395000.0,1850.0,0.0,1890.0,0.0
323000.0,685.0,0.0,1910.0,0.0
440000.0,1203.0,1203.0,1900.0,0.0
1100000.0,2387.0,0.0,1875.0,0.0
440000.0,1203.0,0.0,1900.0,0.0
420000.0,890.0,0.0,1899.0,0.0
394000.0,1024.0,0.0,1905.0,0.0
540000.0,1272.0,0.0,1900.0,0.0
851000.0,1625.0,0.0,2012.0,2.0
275000.0,510.0,510.0,1899.0,0.0
800000.0,2884.0,0.0,1900.0,0.0
800000.0,2200.0,0.0,1900.0,2.0
510501.0,972.0,0.0,1920.0,0.0
469000.0,935.0,0.0,2013.0,2.0
429000.0,910.0,0.0,2013.0,2.0
469000.0,935.0,0.0,2013.0,2.0
500000.0,1045.0,0.0,2013.0,2.0
495000.0,1075.0,0.0,2013.0,2.0
462000.0,1016.0,1016.0,1905.0,1.0
665000.0,1410.0,0.0,1410.0,2.0
475000.0,1220.0,0.0,2003.0,2.0
439000.0,1211.0,0.0,2000.0,1.0
425000.0,1131.0,0.0,1910.0,0.0
455100.0,1285.0,0.0,1890.0,0.0
455100.0,763.0,0.0,1890.0,0.0
334000.0,976.0,0.0,1900.0,0.0
450000.0,1126.0,1126.0,1890.0,0.0
529000.0,1095.0,0.0,2013.0,2.0
876000.0,3249.0,1912.0,1890.0,0.0
876000.0,3249.0,0.0,1890.0,0.0
779260.0,1983.0,0.0,1890.0,0.0
800000.0,2127.0,0.0,1890.0,0.0
730000.0,1590.0,0.0,2012.0,2.0
579000.0,1154.0,0.0,2013.0,2.0
432500.0,750.0,0.0,1900.0,0.0
432500.0,750.0,0.0,1900.0,0.0
319999.0,679.0,0.0,1905.0,0.0
528000.0,1153.0,1153.0,1896.0,0.0
490000.0,1131.0,1131.0,1910.0,1.0
493000.0,850.0,850.0,1900.0,2.0
426300.0,1429.0,0.0,1880.0,0.0
1945000.0,2025.0,0.0,2007.0,4.0
649000.0,1540.0,0.0,2013.0,1.0
1945000.0,5872.0,0.0,2006.0,0.0
520000.0,1030.0,0.0,2012.0,2.0
444000.0,952.0,952.0,1905.0,0.0
575000.0,918.0,918.0,1920.0,0.0
275100.0,719.0,719.0,1899.0,0.0
612000.0,1455.0,0.0,2013.0,1.0
502000.0,1149.0,0.0,1900.0,1.0
460000.0,1154.0,0.0,2013.0,2.0
386000.0,750.0,0.0,1900.0,0.0
386000.0,750.0,0.0,1900.0,0.0
386000.0,684.0,0.0,1900.0,0.0
550000.0,1015.0,1015.0,2009.0,4.0
550000.0,1015.0,0.0,2009.0,0.0
525000.0,1220.0,1220.0,1999.0,2.0
451000.0,1010.0,1010.0,1905.0,0.0
480000.0,763.0,0.0,2003.0,2.0
835000.0,2820.0,0.0,1899.0,0.0
254000.0,510.0,500.0,1890.0,0.0
920000.0,1844.0,0.0,2007.0,2.0
640000.0,1510.0,0.0,2013.0,1.0
635000.0,1195.0,0.0,2007.0,2.0
522000.0,1218.0,0.0,1900.0,1.0
355500.0,600.0,0.0,1890.0,0.0
504000.0,1488.0,1488.0,1899.0,2.0
295000.0,848.0,1275.0,1880.0,0.0
375000.0,774.0,774.0,1900.0,0.0
380000.0,2576.0,0.0,1890.0,0.0
670000.0,1462.0,0.0,2012.0,2.0
465000.0,1076.0,0.0,1900.0,2.0
510000.0,1115.0,0.0,1910.0,0.0
785000.0,1539.0,1539.0,1906.0,2.0
495000.0,1148.0,0.0,1890.0,0.0
629000.0,1032.0,0.0,2007.0,2.0
500000.0,940.0,0.0,2006.0,0.0
410000.0,960.0,0.0,1905.0,0.0
315000.0,542.0,0.0,1900.0,0.0
574900.0,1244.0,1244.0,1900.0,0.0
430000.0,1081.0,1081.0,1905.0,0.0
570000.0,965.0,965.0,1899.0,2.0
376900.0,950.0,950.0,1899.0,0.0
395000.0,809.0,809.0,1905.0,0.0
297000.0,564.0,564.0,1900.0,0.0
602000.0,1300.0,0.0,1910.0,0.0
390000.0,1182.0,0.0,1890.0,0.0
500000.0,1347.0,0.0,2000.0,0.0
374000.0,1284.0,1666.0,1890.0,0.0
485000.0,1091.0,1341.0,1988.0,1.0
539000.0,1323.0,1323.0,1900.0,1.0
670500.0,2573.0,1140.0,1875.0,1.0
522000.0,1126.0,1126.0,1905.0,0.0
505000.0,1121.0,1121.0,1905.0,0.0
410000.0,975.0,975.0,1910.0,0.0
462000.0,874.0,874.0,1900.0,0.0
356000.0,856.0,856.0,1890.0,0.0
271000.0,532.0,532.0,1875.0,0.0
279900.0,500.0,465.0,1910.0,0.0
553000.0,1453.0,0.0,1899.0,0.0
376900.0,950.0,0.0,1899.0,0.0
590000.0,1445.0,0.0,1890.0,0.0
422000.0,1103.0,0.0,1920.0,2.0
655000.0,1087.0,0.0,2007.0,2.0
185000.0,551.0,0.0,1939.0,0.0
430000.0,1061.0,0.0,1900.0,0.0
389000.0,903.0,0.0,1890.0,0.0
926000.0,2656.0,3750.0,1900.0,4.0
451500.0,1062.0,1107.0,1875.0,0.0
407500.0,1995.0,0.0,1875.0,0.0
627000.0,1045.0,0.0,1896.0,0.0
627000.0,1045.0,0.0,1896.0,1.0
450000.0,1330.0,0.0,1899.0,0.0
407500.0,1020.0,0.0,1900.0,0.0
380000.0,661.0,0.0,1890.0,0.0
513000.0,1215.0,0.0,1875.0,0.0
405000.0,1000.0,0.0,1885.0,0.0
405000.0,1000.0,0.0,1885.0,0.0
295000.0,540.0,0.0,1900.0,0.0
405000.0,910.0,808.0,1900.0,0.0
590000.0,2970.0,0.0,1890.0,0.0
769000.0,2000.0,0.0,2013.0,2.0
769000.0,2000.0,0.0,2013.0,2.0
560000.0,2053.0,0.0,1900.0,0.0
435000.0,920.0,0.0,1899.0,0.0
479000.0,817.0,0.0,1920.0,1.0
479000.0,817.0,0.0,1920.0,0.0
269000.0,704.0,0.0,1905.0,0.0
442500.0,999.0,999.0,1910.0,0.0
625000.0,1390.0,960.0,1890.0,0.0
357000.0,1032.0,0.0,2006.0,0.0
390000.0,802.0,0.0,1890.0,1.0
357000.0,724.0,0.0,1900.0,0.0
312000.0,639.0,3000.0,1920.0,0.0
948000.0,2484.0,0.0,1899.0,2.0
380000.0,750.0,0.0,2013.0,2.0
380000.0,750.0,0.0,2013.0,2.0
393500.0,700.0,700.0,1890.0,0.0
370000.0,574.0,574.0,1905.0,1.0
264500.0,568.0,568.0,1920.0,0.0
926000.0,2656.0,0.0,1900.0,0.0
455000.0,1009.0,0.0,1890.0,0.0
635000.0,4469.0,0.0,2013.0,0.0
550000.0,1500.0,0.0,1995.0,1.0
550000.0,1500.0,0.0,1995.0,1.0
583050.0,3902.0,0.0,1890.0,0.0
616000.0,1250.0,0.0,2009.0,2.0
616000.0,1250.0,0.0,2009.0,2.0
599000.0,1100.0,0.0,1890.0,1.0
490000.0,1200.0,0.0,1880.0,0.0
365800.0,1108.0,0.0,1910.0,0.0
364800.0,700.0,0.0,1910.0,0.0
675000.0,1617.0,0.0,1932.0,0.0
750000.0,1953.0,0.0,2007.0,0.0
740000.0,1416.0,9999.0,2013.0,2.0
575000.0,1269.0,9999.0,2013.0,1.0
529000.0,973.0,973.0,2008.0,1.0
533500.0,1734.0,900.0,2001.0,2.0
530000.0,973.0,0.0,2008.0,0.0
667000.0,1416.0,9999.0,2013.0,1.0
487000.0,1206.0,1206.0,1905.0,0.0
520000.0,1188.0,1188.0,1905.0,0.0
434625.0,1000.0,1000.0,1900.0,0.0
434625.0,1000.0,1000.0,1900.0,0.0
335000.0,750.0,720.0,1899.0,0.0
335000.0,750.0,720.0,1899.0,0.0
298000.0,661.0,661.0,1890.0,0.0
630000.0,1390.0,0.0,2011.0,4.0
455000.0,1007.0,0.0,1890.0,1.0
639000.0,1360.0,9999.0,2013.0,1.0
610000.0,1270.0,9999.0,2013.0,1.0
594000.0,1269.0,9999.0,2013.0,1.0
775000.0,2346.0,0.0,1890.0,0.0
665000.0,1410.0,0.0,2012.0,2.0
473000.0,857.0,0.0,2006.0,2.0
330000.0,709.0,0.0,1887.0,0.0
310000.0,575.0,0.0,1890.0,0.0
423000.0,869.0,0.0,1900.0,0.0
395000.0,1025.0,0.0,1899.0,0.0
592500.0,1270.0,9999.0,2013.0,1.0
559000.0,1454.0,1454.0,1890.0,0.0
800000.0,2622.0,1008.0,1940.0,0.0
515000.0,919.0,919.0,1890.0,0.0
467250.0,1195.0,0.0,2006.0,0.0
465000.0,1173.0,0.0,1945.0,0.0
393000.0,728.0,0.0,1899.0,1.0
551250.0,1141.0,1141.0,1905.0,0.0
463300.0,1100.0,1100.0,1899.0,0.0
410000.0,685.0,800.0,2004.0,0.0
624000.0,1306.0,9999.0,2013.0,1.0
381000.0,828.0,828.0,1910.0,1.0
680000.0,1239.0,9999.0,2013.0,2.0
609000.0,1102.0,0.0,1911.0,1.0
505000.0,1159.0,0.0,2007.0,0.0
455000.0,1002.0,0.0,1900.0,0.0
675000.0,1845.0,1845.0,1900.0,4.0
645000.0,1711.0,1711.0,1890.0,2.0
295000.0,608.0,608.0,1875.0,0.0
1300000.0,2616.0,0.0,1885.0,0.0
609000.0,1102.0,0.0,1911.0,0.0
410000.0,895.0,0.0,1900.0,0.0
395000.0,669.0,0.0,1905.0,0.0
740000.0,2000.0,0.0,2012.0,2.0
740000.0,2000.0,0.0,2012.0,2.0
649000.0,1416.0,9999.0,2013.0,1.0
599000.0,1239.0,9999.0,2013.0,1.0
585000.0,1269.0,9999.0,2013.0,1.0
340000.0,565.0,565.0,1880.0,0.0
570000.0,1022.0,0.0,2009.0,4.0
600000.0,1204.0,0.0,1900.0,1.0
600000.0,1204.0,0.0,1905.0,0.0
516000.0,1132.0,0.0,1905.0,0.0
251000.0,543.0,0.0,1890.0,0.0
290000.0,762.0,0.0,1905.0,0.0
447500.0,1125.0,1125.0,1989.0,1.0
447500.0,1125.0,0.0,1989.0,0.0
405000.0,708.0,0.0,2006.0,4.0
654000.0,1360.0,9999.0,2013.0,1.0
380000.0,643.0,2400.0,1875.0,1.0
557500.0,1664.0,2327.0,1996.0,1.0
400000.0,1500.0,1150.0,1890.0,0.0
400000.0,1500.0,1150.0,1890.0,0.0
518000.0,1400.0,1024.0,1910.0,0.0
581000.0,1014.0,0.0,2008.0,2.0
485000.0,1020.0,1020.0,1900.0,1.0
348000.0,771.0,771.0,1995.0,1.0
1080000.0,2132.0,0.0,2007.0,2.0
715000.0,1143.0,0.0,2013.0,1.0
485000.0,1067.0,0.0,1905.0,0.0
465000.0,905.0,0.0,1900.0,1.0
635000.0,1291.0,9999.0,2013.0,1.0
495000.0,1497.0,1497.0,1940.0,0.0
390000.0,1868.0,1495.0,1886.0,0.0
533000.0,907.0,907.0,1905.0,0.0
510000.0,1840.0,872.0,1905.0,0.0
469000.0,760.0,760.0,1920.0,1.0
184000.0,519.0,519.0,1940.0,0.0
715000.0,2100.0,0.0,2013.0,1.0
650000.0,1610.0,0.0,2005.0,0.0
635000.0,1143.0,0.0,2013.0,1.0
599000.0,1143.0,0.0,2013.0,1.0
582500.0,1295.0,0.0,1880.0,0.0
533000.0,907.0,0.0,1905.0,0.0
355000.0,1023.0,0.0,2006.0,0.0
597000.0,1551.0,0.0,1930.0,0.0
467000.0,1182.0,0.0,1900.0,0.0
184000.0,519.0,0.0,1940.0,0.0
469000.0,760.0,0.0,1920.0,0.0
522900.0,1073.0,9999.0,1910.0,2.0
349000.0,713.0,713.0,1887.0,0.0
589000.0,1239.0,9999.0,2013.0,1.0
565000.0,2142.0,1692.0,2004.0,2.0
480000.0,1152.0,1152.0,1905.0,1.0
575000.0,1111.0,1111.0,1890.0,0.0
265000.0,704.0,1000.0,1900.0,0.0
220000.0,831.0,831.0,1900.0,1.0
502000.0,813.0,813.0,1890.0,1.0
240000.0,519.0,519.0,1905.0,0.0
433000.0,854.0,0.0,1900.0,0.0
447000.0,1063.0,0.0,1880.0,0.0
398700.0,910.0,0.0,1900.0,0.0
699900.0,1474.0,1474.0,2008.0,2.0
539900.0,1285.0,1285.0,1890.0,0.0
333500.0,1015.0,1015.0,1930.0,1.0
575000.0,2304.0,846.0,1900.0,0.0
375000.0,773.0,773.0,1920.0,0.0
700000.0,1143.0,0.0,2013.0,1.0
425000.0,900.0,0.0,2009.0,0.0
333500.0,1015.0,0.0,1930.0,0.0
293000.0,556.0,0.0,1899.0,0.0
702000.0,1270.0,9999.0,2013.0,2.0
664000.0,1845.0,1825.0,2012.0,2.0
391500.0,1127.0,1127.0,1920.0,0.0
363000.0,745.0,745.0,1900.0,0.0
450000.0,1050.0,0.0,1900.0,1.0
320000.0,568.0,0.0,1920.0,0.0
350000.0,815.0,0.0,1989.0,2.0
527500.0,1890.0,1368.0,1890.0,0.0
325000.0,904.0,904.0,1900.0,0.0
385000.0,832.0,832.0,1905.0,0.0
635000.0,1410.0,0.0,2011.0,2.0
560000.0,1164.0,0.0,1910.0,0.0
649000.0,1574.0,0.0,2007.0,4.0
649000.0,1574.0,0.0,1930.0,0.0
305000.0,552.0,0.0,1900.0,0.0
293000.0,556.0,0.0,1900.0,0.0
660000.0,1865.0,1865.0,1905.0,1.0
390000.0,915.0,915.0,1890.0,0.0
343750.0,1360.0,0.0,1900.0,0.0
470000.0,1100.0,0.0,1900.0,0.0
735000.0,2100.0,0.0,2013.0,1.0
610000.0,1340.0,0.0,1890.0,0.0
444000.0,781.0,781.0,1900.0,0.0
560000.0,1077.0,1077.0,1890.0,0.0
340000.0,665.0,665.0,1905.0,0.0
400000.0,617.0,617.0,1920.0,1.0
840000.0,2847.0,0.0,1890.0,0.0
529000.0,1200.0,0.0,1900.0,0.0
400000.0,617.0,0.0,1920.0,0.0
480000.0,1041.0,1041.0,1905.0,0.0
368000.0,834.0,834.0,1897.0,0.0
442000.0,1087.0,0.0,2006.0,1.0
630000.0,1824.0,0.0,1890.0,0.0
410000.0,928.0,0.0,1899.0,0.0
359000.0,671.0,0.0,1920.0,1.0
359000.0,671.0,0.0,1920.0,0.0
350000.0,2480.0,0.0,1860.0,0.0
535000.0,1583.0,0.0,1890.0,1.0
350000.0,1704.0,0.0,1800.0,0.0
626000.0,1397.0,0.0,1910.0,1.0
626000.0,1379.0,0.0,1910.0,0.0
551000.0,1133.0,1133.0,1905.0,1.0
475000.0,1008.0,2085.0,1900.0,0.0
438000.0,1125.0,0.0,1890.0,0.0
565000.0,1230.0,0.0,2004.0,2.0
560000.0,1230.0,0.0,2003.0,0.0
552000.0,1133.0,0.0,1905.0,0.0
580000.0,3194.0,0.0,1890.0,0.0
479000.0,823.0,0.0,2007.0,2.0
286000.0,552.0,0.0,1865.0,0.0
336000.0,614.0,0.0,1920.0,0.0
759500.0,2709.0,0.0,1900.0,0.0
740000.0,2140.0,0.0,1900.0,2.0
310000.0,556.0,0.0,1890.0,0.0
360000.0,1070.0,0.0,1900.0,0.0
860000.0,1701.0,1701.0,2006.0,2.0
604700.0,1201.0,1201.0,1905.0,1.0
395000.0,900.0,900.0,1905.0,0.0
570000.0,1728.0,0.0,1890.0,0.0
625000.0,1008.0,1008.0,2006.0,2.0
525000.0,1126.0,0.0,1910.0,0.0
485000.0,1176.0,1176.0,1905.0,1.0
225000.0,549.0,549.0,1930.0,0.0
505250.0,1155.0,0.0,1890.0,0.0
855000.0,2500.0,1160.0,1890.0,0.0
890000.0,2798.0,1139.0,1865.0,0.0
350000.0,780.0,780.0,1939.0,2.0
550000.0,1455.0,0.0,1998.0,4.0
550000.0,1455.0,0.0,1998.0,0.0
365000.0,525.0,0.0,1910.0,1.0
649000.0,1833.0,1833.0,1905.0,2.0
680000.0,2694.0,1633.0,1905.0,0.0
510000.0,1050.0,1050.0,1890.0,0.0
325000.0,720.0,720.0,1930.0,0.0
549000.0,1206.0,0.0,2013.0,2.0
513000.0,1062.0,0.0,1890.0,0.0
325000.0,720.0,0.0,1930.0,0.0
506000.0,1115.0,0.0,1900.0,0.0
420000.0,838.0,0.0,1890.0,0.0
335000.0,791.0,791.0,1905.0,0.0
93500.0,4392.0,0.0,1905.0,0.0
650000.0,1320.0,0.0,2003.0,2.0
510000.0,861.0,0.0,2003.0,1.0
569000.0,998.0,998.0,2008.0,1.0
452000.0,809.0,809.0,1885.0,0.0
448000.0,778.0,778.0,1900.0,0.0
475000.0,1258.0,0.0,2003.0,0.0
535000.0,1013.0,0.0,2003.0,2.0
535000.0,1013.0,0.0,2003.0,0.0
569000.0,998.0,0.0,2008.0,0.0
327000.0,700.0,0.0,1910.0,0.0
475000.0,1258.0,0.0,2004.0,1.0
433500.0,1077.0,0.0,1880.0,0.0
376500.0,884.0,0.0,1989.0,2.0
500000.0,1083.0,0.0,2013.0,2.0
555000.0,1289.0,1326.0,2006.0,2.0
470000.0,1100.0,0.0,2013.0,1.0
490000.0,1118.0,1118.0,1890.0,0.0
329000.0,673.0,673.0,1915.0,0.0
622500.0,1306.0,0.0,2013.0,1.0
455000.0,1100.0,0.0,2013.0,1.0
480000.0,655.0,0.0,2006.0,2.0
999000.0,1713.0,0.0,1906.0,2.0
285500.0,509.0,0.0,1905.0,0.0
450000.0,2557.0,0.0,1890.0,0.0
612000.0,1306.0,9999.0,2013.0,1.0
569000.0,1100.0,0.0,2013.0,1.0
425000.0,865.0,0.0,1910.0,0.0
391000.0,705.0,0.0,1900.0,0.0
875000.0,3225.0,4692.0,1905.0,0.0
437500.0,1028.0,1028.0,1890.0,0.0
815000.0,2500.0,2998.0,2005.0,3.0
650000.0,1268.0,1268.0,1905.0,0.0
255000.0,515.0,515.0,1905.0,0.0
507000.0,1265.0,0.0,1930.0,0.0
420000.0,710.0,710.0,2004.0,2.0
420000.0,2176.0,0.0,1890.0,0.0
549000.0,1111.0,0.0,2012.0,2.0
420000.0,1172.0,0.0,1880.0,0.0
517500.0,1250.0,1250.0,2002.0,1.0
517500.0,1250.0,1250.0,2002.0,1.0
485000.0,1938.0,0.0,1890.0,0.0
379000.0,564.0,0.0,1900.0,0.0
425000.0,990.0,990.0,1890.0,0.0
360000.0,709.0,709.0,1900.0,0.0
800000.0,1522.0,0.0,1900.0,0.0
445000.0,857.0,857.0,1905.0,0.0
402000.0,746.0,746.0,1900.0,0.0
335000.0,600.0,600.0,1920.0,0.0
280000.0,2302.0,0.0,1890.0,0.0
280000.0,631.0,0.0,1900.0,0.0
455000.0,884.0,0.0,1900.0,0.0
445000.0,857.0,0.0,1905.0,0.0
439000.0,1006.0,0.0,1905.0,0.0
625000.0,1334.0,1334.0,2006.0,2.0
345000.0,670.0,670.0,1890.0,0.0
335000.0,790.0,0.0,1930.0,0.0
480000.0,1388.0,0.0,1900.0,1.0
801000.0,2228.0,1771.0,1863.0,0.0
485000.0,1300.0,0.0,1890.0,0.0
335000.0,641.0,0.0,1890.0,0.0
1475000.0,2793.0,2793.0,1987.0,4.0
518000.0,1008.0,903.0,1890.0,1.0
672500.0,2640.0,0.0,1890.0,0.0
100000.0,1734.0,0.0,1890.0,0.0
385000.0,801.0,801.0,1900.0,1.0
550000.0,2152.0,0.0,1890.0,0.0
400000.0,3648.0,0.0,1905.0,0.0
569000.0,1243.0,0.0,2008.0,2.0
525000.0,2468.0,0.0,1900.0,0.0
315000.0,650.0,0.0,1880.0,0.0
645000.0,1654.0,1654.0,2007.0,2.0
645000.0,1654.0,0.0,1930.0,0.0
825000.0,1836.0,1836.0,1890.0,3.0
588123.0,1149.0,0.0,1906.0,0.0
500000.0,996.0,996.0,2006.0,2.0
725500.0,2376.0,2407.0,2003.0,4.0
599000.0,2908.0,2040.0,1905.0,0.0
670000.0,1658.0,1658.0,1930.0,4.0
511000.0,1345.0,1345.0,1890.0,0.0
679000.0,2369.0,1150.0,1890.0,0.0
604000.0,1410.0,1050.0,1890.0,0.0
475000.0,1301.0,1026.0,2004.0,1.0
445000.0,885.0,885.0,1905.0,0.0
510000.0,1100.0,0.0,2013.0,1.0
728000.0,1581.0,0.0,2012.0,4.0
241000.0,567.0,0.0,1890.0,0.0
365000.0,710.0,0.0,1900.0,0.0
389000.0,745.0,745.0,2002.0,2.0
380500.0,737.0,737.0,1920.0,1.0
380500.0,737.0,0.0,1920.0,0.0
680000.0,3100.0,2250.0,1900.0,4.0
455000.0,825.0,825.0,1890.0,0.0
425000.0,922.0,0.0,1900.0,0.0
425000.0,922.0,0.0,1900.0,0.0
619000.0,1856.0,1856.0,1986.0,2.0
619000.0,1856.0,0.0,1986.0,0.0
540000.0,1052.0,0.0,1900.0,1.0
500000.0,1030.0,0.0,1890.0,0.0
480000.0,1058.0,0.0,1905.0,1.0
411000.0,856.0,1026.0,1890.0,0.0
475000.0,950.0,0.0,1900.0,0.0
544000.0,1200.0,0.0,2013.0,0.0
599000.0,975.0,0.0,2013.0,1.0
535000.0,1577.0,0.0,1900.0,0.0
529000.0,956.0,0.0,2007.0,1.0
692000.0,1370.0,1370.0,2005.0,2.0
547000.0,1002.0,1002.0,2007.0,2.0
395000.0,861.0,861.0,1910.0,0.0
897720.0,3244.0,0.0,1900.0,0.0
756700.0,1900.0,0.0,2000.0,2.0
473000.0,915.0,0.0,1905.0,0.0
313000.0,760.0,0.0,2001.0,0.0
479000.0,1207.0,1207.0,2008.0,2.0
458000.0,1016.0,1016.0,2005.0,1.0
439000.0,748.0,748.0,1905.0,2.0
315000.0,561.0,561.0,1890.0,0.0
319000.0,611.0,280.0,1900.0,1.0
1125000.0,2516.0,0.0,1987.0,4.0
575000.0,1000.0,0.0,2013.0,1.0
575000.0,1000.0,0.0,2013.0,1.0
479000.0,1207.0,0.0,2008.0,0.0
460000.0,1230.0,0.0,1900.0,0.0
367500.0,875.0,0.0,1989.0,1.0
519000.0,1238.0,1238.0,1890.0,0.0
485000.0,1091.0,1091.0,1905.0,0.0
150000.0,532.0,0.0,1900.0,0.0
702500.0,1279.0,1279.0,1890.0,2.0
460000.0,1106.0,1106.0,1900.0,0.0
485000.0,1039.0,1039.0,2005.0,2.0
425000.0,940.0,940.0,1900.0,0.0
355000.0,708.0,708.0,1887.0,0.0
309000.0,540.0,540.0,1890.0,1.0
702500.0,1279.0,0.0,1890.0,0.0
850000.0,2568.0,1592.0,1875.0,1.0
410000.0,783.0,0.0,1890.0,0.0
449000.0,934.0,0.0,2013.0,1.0
420000.0,879.0,0.0,2013.0,1.0
435000.0,1008.0,1008.0,1905.0,0.0
580000.0,2250.0,0.0,1900.0,0.0
459000.0,863.0,0.0,2013.0,2.0
462500.0,678.0,0.0,2003.0,2.0
423000.0,855.0,0.0,1905.0,0.0
361000.0,711.0,0.0,2000.0,1.0
535000.0,1040.0,1038.0,1920.0,1.0
719000.0,1850.0,1850.0,2013.0,1.0
412500.0,955.0,955.0,1905.0,0.0
355000.0,669.0,669.0,1905.0,0.0
380000.0,880.0,879.0,1900.0,0.0
235000.0,703.0,0.0,2005.0,1.0
460000.0,830.0,830.0,1920.0,1.0
625000.0,1867.0,0.0,2001.0,0.0
860000.0,2542.0,3375.0,1900.0,1.0
347000.0,728.0,728.0,1910.0,0.0
423500.0,1151.0,0.0,1900.0,0.0
620000.0,1279.0,0.0,2003.0,2.0
480000.0,1225.0,0.0,1900.0,0.0
595000.0,1143.0,0.0,2013.0,1.0
340000.0,727.0,727.0,1890.0,0.0
599000.0,1143.0,0.0,2013.0,1.0
875000.0,2094.0,0.0,1890.0,0.0
615000.0,1262.0,1262.0,1890.0,3.0
535000.0,1321.0,0.0,1896.0,0.0
715000.0,1143.0,0.0,2013.0,1.0
470250.0,935.0,0.0,1890.0,0.0
609000.0,1205.0,0.0,1900.0,0.0
1210000.0,2760.0,4906.0,1910.0,3.0
950000.0,5191.0,3506.0,1882.0,4.0
735000.0,2100.0,0.0,2013.0,1.0
715000.0,1143.0,0.0,2013.0,1.0
560000.0,1262.0,0.0,2013.0,1.0
422500.0,820.0,0.0,2013.0,0.0
434000.0,912.0,0.0,1890.0,0.0
332500.0,615.0,0.0,2004.0,0.0
429000.0,910.0,0.0,1875.0,0.0
385000.0,905.0,0.0,1972.0,1.0
359000.0,782.0,0.0,1900.0,0.0
781500.0,1400.0,1400.0,2013.0,2.0
392000.0,970.0,970.0,1905.0,0.0
735000.0,2100.0,0.0,2013.0,1.0
781500.0,9192.0,0.0,2012.0,0.0
385000.0,785.0,0.0,1905.0,0.0
434000.0,1043.0,1043.0,2005.0,1.0
655000.0,1189.0,0.0,2013.0,2.0
655000.0,2532.0,0.0,1905.0,0.0
1467500.0,2075.0,2075.0,2008.0,2.0
553000.0,1562.0,1022.0,2004.0,2.0
417500.0,1258.0,1258.0,1875.0,0.0
400000.0,801.0,801.0,1905.0,0.0
617500.0,1372.0,0.0,1855.0,0.0
520000.0,1234.0,0.0,2011.0,1.0
412500.0,952.0,0.0,1991.0,1.0
930000.0,3112.0,1632.0,1900.0,0.0
549000.0,2100.0,1000.0,1900.0,2.0
599000.0,1500.0,0.0,2013.0,1.0
599000.0,1500.0,0.0,2013.0,1.0
389000.0,1028.0,0.0,2011.0,0.0
390000.0,802.0,802.0,1910.0,0.0
403000.0,785.0,785.0,1905.0,0.0
270000.0,505.0,505.0,1890.0,0.0
490000.0,3564.0,0.0,1900.0,0.0
430000.0,1498.0,0.0,1999.0,0.0
430000.0,1498.0,0.0,1999.0,0.0
500000.0,1063.0,0.0,2013.0,1.0
490000.0,1308.0,0.0,1900.0,0.0
410000.0,1258.0,1258.0,1900.0,0.0
1060000.0,1636.0,0.0,2007.0,2.0
602500.0,1244.0,0.0,1905.0,0.0
495000.0,1276.0,0.0,1905.0,1.0
275000.0,552.0,0.0,1920.0,0.0
495000.0,1267.0,0.0,1905.0,0.0
630000.0,2036.0,1440.0,1890.0,0.0
810000.0,2844.0,0.0,1890.0,0.0
540000.0,1429.0,1429.0,1994.0,0.0
485000.0,1500.0,1347.0,1950.0,0.0
485000.0,1500.0,1347.0,1950.0,0.0
405000.0,1160.0,1109.0,1900.0,0.0
639000.0,1457.0,0.0,1900.0,1.0
468500.0,1879.0,0.0,1910.0,0.0
545000.0,1009.0,0.0,1905.0,0.0
887500.0,1575.0,0.0,2013.0,2.0
509000.0,1600.0,0.0,2013.0,1.0
615000.0,1130.0,0.0,1906.0,2.0
459000.0,950.0,0.0,2013.0,0.0
635000.0,2260.0,0.0,1862.0,0.0
390000.0,1222.0,1384.0,1900.0,0.0
421500.0,1067.0,0.0,1899.0,1.0
650000.0,2268.0,0.0,1903.0,0.0
375000.0,945.0,0.0,1890.0,0.0
375000.0,945.0,0.0,1890.0,0.0
1000000.0,1863.0,0.0,1899.0,0.0
469000.0,1598.0,0.0,1998.0,0.0
631000.0,2000.0,1687.0,1880.0,0.0
631000.0,2000.0,1687.0,1880.0,0.0
660000.0,1300.0,1300.0,2013.0,1.0
360000.0,700.0,700.0,1900.0,0.0
460000.0,915.0,0.0,2010.0,0.0
460000.0,915.0,0.0,1888.0,0.0
460000.0,1198.0,0.0,1900.0,0.0
729000.0,1194.0,0.0,2007.0,2.0
482000.0,1207.0,0.0,2008.0,1.0
482000.0,1207.0,0.0,2008.0,0.0
307500.0,500.0,0.0,1890.0,1.0
695000.0,1936.0,1206.0,1890.0,0.0
324000.0,670.0,670.0,1890.0,1.0
699000.0,1809.0,0.0,2009.0,1.0
665000.0,1602.0,0.0,2013.0,0.0
575000.0,1650.0,0.0,2006.0,1.0
575000.0,1644.0,0.0,1900.0,0.0
495000.0,1355.0,0.0,2013.0,1.0
690000.0,1946.0,0.0,1890.0,0.0
520000.0,1844.0,0.0,1890.0,0.0
503000.0,906.0,0.0,1920.0,0.0
635000.0,1410.0,0.0,1900.0,0.0
513000.0,1169.0,1277.0,1900.0,0.0
455000.0,1200.0,1066.0,1905.0,0.0
431750.0,840.0,840.0,2009.0,2.0
380000.0,630.0,630.0,1905.0,0.0
490000.0,1757.0,0.0,1900.0,0.0
520000.0,1516.0,1516.0,2005.0,1.0
340000.0,1089.0,0.0,1920.0,0.0
213500.0,575.0,0.0,1900.0,0.0
213500.0,587.0,0.0,1940.0,0.0
448000.0,810.0,0.0,1900.0,0.0
635000.0,2367.0,0.0,1890.0,0.0
1040000.0,3390.0,3156.0,1902.0,0.0
340000.0,902.0,902.0,1900.0,0.0
739000.0,1467.0,0.0,2012.0,2.0
508000.0,1100.0,0.0,2013.0,1.0
400000.0,710.0,0.0,1885.0,0.0
379000.0,597.0,0.0,2004.0,2.0
515000.0,1063.0,0.0,2013.0,1.0
735000.0,1304.0,1304.0,2007.0,2.0
899000.0,1900.0,0.0,2013.0,2.0
611000.0,1622.0,0.0,1905.0,1.0
540000.0,1700.0,0.0,2013.0,1.0
595000.0,1155.0,999.0,1905.0,0.0
525000.0,1437.0,999.0,1905.0,0.0
899000.0,1900.0,0.0,2013.0,2.0
875000.0,1900.0,0.0,2013.0,1.0
869000.0,1900.0,0.0,2013.0,1.0
425000.0,1010.0,1010.0,1860.0,2.0
959000.0,2162.0,0.0,2013.0,4.0
625000.0,2009.0,0.0,1860.0,0.0
540000.0,1240.0,1914.0,1890.0,1.0
374000.0,868.0,868.0,1989.0,2.0
316000.0,544.0,0.0,1899.0,1.0
488000.0,1440.0,1836.0,1920.0,0.0
785000.0,1500.0,1500.0,2013.0,2.0
785000.0,1500.0,1500.0,2013.0,2.0
530000.0,1375.0,1375.0,1910.0,0.0
342000.0,714.0,714.0,1890.0,0.0
420000.0,711.0,711.0,1890.0,0.0
371000.0,671.0,671.0,1890.0,0.0
649000.0,1742.0,0.0,1998.0,1.0
619000.0,1107.0,0.0,2007.0,2.0
465000.0,1000.0,0.0,2013.0,1.0
465000.0,1000.0,0.0,2013.0,1.0
418000.0,1000.0,0.0,1900.0,0.0
418000.0,1000.0,0.0,1900.0,0.0
488000.0,1419.0,0.0,1920.0,0.0
418000.0,2392.0,0.0,1900.0,0.0
262500.0,611.0,0.0,1920.0,0.0
528000.0,1082.0,0.0,1899.0,0.0
450000.0,842.0,0.0,2001.0,0.0
450000.0,987.0,987.0,1986.0,2.0
579000.0,1550.0,0.0,1900.0,0.0
937000.0,1893.0,0.0,2013.0,4.0
300000.0,848.0,0.0,1890.0,0.0
527000.0,1818.0,1295.0,1890.0,0.0
350000.0,2196.0,0.0,1890.0,0.0
427500.0,840.0,840.0,1890.0,0.0
699000.0,1287.0,0.0,2012.0,4.0
385000.0,863.0,0.0,1890.0,0.0
425000.0,858.0,0.0,1906.0,0.0
339000.0,1160.0,687.0,1895.0,1.0
860000.0,2251.0,0.0,1890.0,0.0
307500.0,532.0,532.0,1890.0,0.0
542000.0,1651.0,1651.0,1920.0,0.0
405000.0,886.0,1202.0,1900.0,0.0
395000.0,933.0,933.0,1905.0,0.0
955000.0,1922.0,0.0,2013.0,4.0
637500.0,1700.0,0.0,2013.0,1.0
464000.0,1554.0,0.0,1905.0,0.0
869000.0,1900.0,0.0,2013.0,1.0
565000.0,1330.0,0.0,2007.0,1.0
565000.0,1330.0,0.0,2006.0,0.0
600000.0,1126.0,0.0,1905.0,0.0
580000.0,1160.0,0.0,2013.0,1.0
540000.0,1071.0,3875.0,2013.0,1.0
626500.0,1693.0,990.0,1900.0,0.0
1080000.0,3213.0,0.0,1935.0,0.0
715000.0,1850.0,1850.0,2013.0,1.0
667500.0,1117.0,1117.0,2008.0,2.0
500000.0,1100.0,0.0,2013.0,1.0
295000.0,1075.0,0.0,2001.0,0.0
875000.0,2034.0,2034.0,1915.0,2.0
535000.0,1739.0,0.0,2013.0,1.0
677000.0,1324.0,0.0,2010.0,2.0
519000.0,1133.0,0.0,1920.0,0.0
395000.0,753.0,0.0,1910.0,1.0
382500.0,839.0,0.0,1890.0,0.0
470000.0,881.0,881.0,2008.0,0.0
401000.0,824.0,0.0,1900.0,1.0
526000.0,980.0,980.0,1897.0,0.0
575000.0,1310.0,1914.0,1890.0,0.0
407000.0,768.0,0.0,2003.0,2.0
407000.0,712.0,0.0,2003.0,0.0
485000.0,1183.0,1183.0,2002.0,2.0
578000.0,1205.0,0.0,1900.0,0.0
649000.0,1137.0,0.0,2007.0,3.0
820000.0,2343.0,0.0,1898.0,0.0
389000.0,739.0,9999.0,1900.0,0.0
720000.0,1327.0,1327.0,1930.0,2.0
550000.0,1100.0,1100.0,2010.0,2.0
462000.0,1008.0,1008.0,1988.0,1.0
440000.0,959.0,959.0,1905.0,0.0
699000.0,1350.0,0.0,2014.0,2.0
729000.0,1450.0,0.0,2014.0,2.0
634000.0,1143.0,0.0,2013.0,2.0
490000.0,1030.0,0.0,2004.0,0.0
315000.0,511.0,0.0,1900.0,0.0
275000.0,661.0,0.0,1890.0,0.0
100000.0,640.0,0.0,1900.0,0.0
245700.0,1022.0,0.0,2011.0,0.0
560000.0,1086.0,0.0,1900.0,0.0
470000.0,1039.0,0.0,2004.0,0.0
200000.0,928.0,0.0,1890.0,0.0
500000.0,1165.0,0.0,1912.0,0.0
1269000.0,2530.0,2780.0,1987.0,1.0
685000.0,1639.0,0.0,2013.0,2.0
645000.0,1103.0,0.0,2011.0,0.0
543000.0,1024.0,1100.0,1880.0,0.0
1375000.0,2999.0,0.0,1800.0,0.0
540000.0,1884.0,0.0,1986.0,0.0
450000.0,962.0,0.0,2013.0,2.0
440500.0,930.0,0.0,2000.0,1.0
355000.0,560.0,560.0,1890.0,0.0
430000.0,930.0,0.0,2000.0,4.0
480000.0,1000.0,1250.0,2014.0,2.0
480000.0,1000.0,1250.0,2014.0,2.0
385000.0,750.0,750.0,1900.0,0.0
385000.0,750.0,750.0,1900.0,0.0
568000.0,1120.0,0.0,1855.0,0.0
515000.0,1145.0,0.0,1899.0,0.0
389229.0,655.0,0.0,1920.0,2.0
389229.0,650.0,0.0,1920.0,0.0
385000.0,695.0,0.0,1900.0,0.0
629500.0,1860.0,0.0,1986.0,0.0
409000.0,742.0,0.0,1890.0,0.0
420000.0,767.0,767.0,1900.0,1.0
353500.0,686.0,686.0,1890.0,1.0
560000.0,3447.0,0.0,2013.0,0.0
560000.0,2100.0,0.0,2013.0,1.0
615000.0,1302.0,0.0,1900.0,0.0
519000.0,1455.0,0.0,1880.0,0.0
519000.0,1455.0,0.0,1880.0,0.0
360000.0,575.0,0.0,1900.0,0.0
467400.0,1250.0,1250.0,2002.0,2.0
467400.0,1250.0,1250.0,2002.0,2.0
568000.0,1417.0,1391.0,1905.0,1.0
434500.0,920.0,920.0,1900.0,0.0
519000.0,912.0,0.0,1900.0,0.0
518000.0,912.0,0.0,1910.0,0.0
650000.0,1722.0,0.0,1900.0,0.0
475000.0,675.0,0.0,2014.0,2.0
645000.0,1831.0,1831.0,1905.0,1.0
525000.0,1036.0,1636.0,1962.0,1.0
370000.0,701.0,701.0,1900.0,0.0
1550000.0,3267.0,0.0,1900.0,0.0
1550000.0,3267.0,0.0,1900.0,0.0
635000.0,1192.0,0.0,1906.0,0.0
640000.0,1050.0,0.0,2014.0,4.0
515000.0,1165.0,0.0,1890.0,0.0
340000.0,1262.0,0.0,1890.0,0.0
470000.0,854.0,0.0,1910.0,0.0
470000.0,854.0,0.0,1910.0,0.0
399900.0,770.0,770.0,1900.0,0.0
749000.0,1668.0,0.0,2013.0,2.0
500000.0,829.0,0.0,1890.0,0.0
610000.0,2528.0,0.0,1860.0,0.0
610000.0,1382.0,0.0,1860.0,0.0
530000.0,1024.0,0.0,1930.0,0.0
435000.0,926.0,0.0,2008.0,2.0
435000.0,875.0,0.0,2006.0,0.0
425000.0,937.0,0.0,1905.0,0.0
575000.0,1680.0,0.0,1900.0,0.0
550000.0,1379.0,1379.0,1910.0,0.0
785000.0,1285.0,1285.0,2006.0,2.0
629000.0,1103.0,1103.0,2006.0,2.0
967500.0,2498.0,1083.0,1900.0,0.0
329000.0,541.0,541.0,1899.0,1.0
1020000.0,2898.0,0.0,1935.0,0.0
370000.0,780.0,0.0,1900.0,1.0
360000.0,800.0,0.0,1960.0,0.0
360000.0,800.0,0.0,1960.0,0.0
340000.0,655.0,0.0,1900.0,0.0
729000.0,2831.0,2607.0,1890.0,1.0
691000.0,2000.0,1979.0,1890.0,0.0
691000.0,2000.0,1979.0,1890.0,0.0
545000.0,1526.0,1526.0,1998.0,4.0
355000.0,650.0,650.0,1910.0,0.0
775000.0,1494.0,0.0,2012.0,4.0
590000.0,1283.0,0.0,1906.0,0.0
450000.0,830.0,0.0,2006.0,0.0
353000.0,658.0,0.0,1930.0,0.0
353000.0,658.0,0.0,1930.0,0.0
860000.0,2850.0,4229.0,1920.0,1.0
449000.0,803.0,1875.0,1900.0,0.0
755000.0,1605.0,1605.0,1900.0,1.0
622000.0,1425.0,1425.0,1900.0,1.0
484000.0,968.0,968.0,1900.0,1.0
622000.0,1425.0,0.0,1900.0,0.0
430000.0,995.0,0.0,1890.0,0.0
412000.0,800.0,0.0,1900.0,1.0
359000.0,686.0,686.0,1988.0,1.0
640000.0,1010.0,0.0,2014.0,2.0
619000.0,1231.0,0.0,2013.0,1.0
584000.0,1231.0,0.0,2013.0,1.0
328000.0,538.0,0.0,1890.0,0.0
360000.0,1131.0,1131.0,1910.0,0.0
525000.0,997.0,997.0,1905.0,1.0
475000.0,1052.0,0.0,1905.0,0.0
176250.0,1070.0,0.0,1850.0,0.0
560000.0,2400.0,0.0,1910.0,0.0
392000.0,1133.0,1133.0,1905.0,0.0
560000.0,1160.0,9000.0,2014.0,2.0
479000.0,1050.0,1125.0,1905.0,0.0
526000.0,1522.0,1067.0,1900.0,1.0
665000.0,1274.0,0.0,2010.0,0.0
526000.0,1522.0,0.0,1900.0,0.0
821750.0,1935.0,1935.0,1890.0,2.0
709000.0,1400.0,0.0,2013.0,1.0
699000.0,1400.0,0.0,2013.0,1.0
592500.0,1685.0,0.0,1875.0,0.0
415000.0,754.0,0.0,1900.0,1.0
370000.0,645.0,0.0,1900.0,0.0
330000.0,846.0,846.0,1989.0,0.0
512000.0,838.0,0.0,1906.0,0.0
364000.0,642.0,0.0,1890.0,1.0
690000.0,2130.0,2440.0,2009.0,2.0
557000.0,943.0,20000.0,1900.0,1.0
490000.0,712.0,712.0,1890.0,1.0
349000.0,680.0,680.0,1890.0,0.0
562000.0,943.0,0.0,2000.0,0.0
950000.0,2700.0,1333.0,1905.0,0.0
310000.0,664.0,664.0,1953.0,1.0
600000.0,1601.0,0.0,2013.0,1.0
450000.0,1620.0,0.0,1833.0,0.0
555000.0,815.0,0.0,1906.0,2.0
630000.0,1110.0,0.0,2009.0,2.0
638000.0,1848.0,1294.0,1900.0,0.0
489000.0,872.0,872.0,1905.0,0.0
628000.0,1143.0,0.0,2007.0,4.0
1109000.0,1775.0,1775.0,2006.0,2.0
385000.0,640.0,640.0,1890.0,0.0
580000.0,1300.0,0.0,1903.0,1.0
540000.0,1062.0,0.0,1890.0,1.0
638000.0,1848.0,0.0,1900.0,0.0
810000.0,2000.0,1160.0,2006.0,4.0
810000.0,2000.0,1160.0,2006.0,4.0
605000.0,1601.0,0.0,2013.0,1.0
595000.0,1231.0,0.0,2013.0,1.0
440000.0,1289.0,0.0,1899.0,0.0
462000.0,924.0,5702.0,1868.0,1.0
660000.0,2600.0,1235.0,1890.0,2.0
373000.0,635.0,635.0,1920.0,0.0
662000.0,1450.0,0.0,1900.0,0.0
261100.0,1147.0,0.0,1900.0,0.0
540000.0,1564.0,0.0,1899.0,0.0
261100.0,500.0,0.0,1900.0,0.0
494000.0,1061.0,1061.0,1905.0,0.0
630000.0,2592.0,0.0,1905.0,0.0
625000.0,1231.0,0.0,2013.0,1.0
340000.0,551.0,0.0,1900.0,0.0
455000.0,808.0,0.0,1942.0,0.0
530000.0,1036.0,1574.0,1962.0,2.0
700000.0,1938.0,1306.0,1900.0,0.0
504000.0,1125.0,1125.0,1905.0,0.0
326000.0,545.0,545.0,1890.0,0.0
340000.0,514.0,514.0,1875.0,0.0
850000.0,2000.0,0.0,2013.0,2.0
850000.0,2000.0,0.0,2013.0,2.0
400000.0,2071.0,0.0,1890.0,0.0
900000.0,2565.0,0.0,1890.0,0.0
562500.0,1243.0,0.0,1900.0,1.0
540000.0,1263.0,0.0,2013.0,1.0
509000.0,1161.0,0.0,2008.0,0.0
504500.0,1183.0,0.0,2007.0,2.0
340000.0,555.0,0.0,1890.0,0.0
503000.0,1076.0,0.0,1905.0,0.0
321000.0,707.0,0.0,2003.0,0.0
509000.0,1161.0,0.0,2007.0,2.0
370000.0,516.0,516.0,1890.0,0.0
1050000.0,1734.0,0.0,2013.0,1.0
985000.0,1609.0,0.0,2013.0,1.0
800000.0,1690.0,0.0,2013.0,2.0
799000.0,1331.0,0.0,1900.0,2.0
755000.0,1690.0,0.0,2013.0,1.0
453000.0,1000.0,0.0,1900.0,0.0
453000.0,1000.0,0.0,1900.0,0.0
310000.0,506.0,0.0,1920.0,0.0
388000.0,1512.0,0.0,1890.0,0.0
1000000.0,4002.0,0.0,1905.0,0.0
353800.0,860.0,0.0,1905.0,0.0
375000.0,846.0,0.0,1989.0,2.0
729000.0,1637.0,1637.0,1900.0,0.0
770000.0,1650.0,0.0,2013.0,2.0
355000.0,792.0,0.0,1920.0,0.0
506000.0,1265.0,1265.0,1880.0,0.0
460000.0,1132.0,755.0,1984.0,2.0
594000.0,1472.0,0.0,2014.0,1.0
469000.0,992.0,0.0,1900.0,0.0
330000.0,700.0,0.0,1900.0,0.0
326000.0,543.0,0.0,1900.0,0.0
460000.0,832.0,0.0,1984.0,0.0
379000.0,701.0,701.0,1905.0,0.0
579000.0,1115.0,0.0,1900.0,0.0
764000.0,2600.0,1080.0,1900.0,0.0
735000.0,1534.0,0.0,2010.0,2.0
300000.0,510.0,0.0,1900.0,0.0
826500.0,1750.0,0.0,2013.0,1.0
790000.0,1650.0,0.0,2013.0,2.0
845000.0,1874.0,0.0,2013.0,1.0
349000.0,609.0,0.0,1899.0,1.0
415000.0,1197.0,0.0,1905.0,0.0
379000.0,595.0,0.0,1899.0,1.0
384500.0,840.0,0.0,1900.0,1.0
375000.0,606.0,0.0,1899.0,0.0
395000.0,1934.0,0.0,1890.0,0.0
1600000.0,2970.0,0.0,2013.0,2.0
493000.0,681.0,0.0,2003.0,2.0
605800.0,1771.0,2200.0,1900.0,0.0
575000.0,1353.0,693.0,1900.0,0.0
1075000.0,3024.0,0.0,1900.0,0.0
884000.0,2750.0,0.0,1900.0,0.0
739000.0,2000.0,0.0,1885.0,0.0
739000.0,2000.0,0.0,1885.0,0.0
550000.0,1037.0,0.0,1900.0,0.0
475000.0,1015.0,0.0,1988.0,1.0
410000.0,743.0,0.0,2005.0,2.0
630000.0,1480.0,9999.0,1900.0,0.0
755000.0,1402.0,9999.0,2013.0,2.0
394000.0,832.0,832.0,1920.0,1.0
318000.0,530.0,530.0,1900.0,0.0
500000.0,1010.0,0.0,2013.0,2.0
369000.0,856.0,0.0,1906.0,0.0
482000.0,1250.0,1175.0,2006.0,1.0
482000.0,1250.0,1175.0,2006.0,1.0
456000.0,703.0,703.0,1890.0,1.0
552500.0,890.0,890.0,2000.0,2.0
268000.0,537.0,537.0,1905.0,0.0
669000.0,1300.0,0.0,2014.0,2.0
660900.0,1100.0,0.0,2008.0,2.0
459000.0,1000.0,0.0,1890.0,0.0
459000.0,1000.0,0.0,1890.0,0.0
840000.0,1600.0,0.0,2013.0,1.0
550000.0,936.0,0.0,2000.0,0.0
1800000.0,4000.0,0.0,1900.0,3.0
1400000.0,3052.0,0.0,1890.0,0.0
530000.0,1255.0,0.0,2005.0,2.0
530000.0,1255.0,0.0,2004.0,0.0
559000.0,1308.0,1308.0,1905.0,0.0
409000.0,831.0,831.0,1915.0,0.0
1400000.0,3052.0,0.0,1890.0,0.0
685000.0,1734.0,0.0,2013.0,2.0
555000.0,857.0,0.0,1925.0,1.0
935000.0,1867.0,0.0,1890.0,0.0
428000.0,840.0,0.0,1900.0,0.0
325000.0,671.0,0.0,1920.0,0.0
324000.0,671.0,0.0,1925.0,0.0
869000.0,2092.0,2092.0,2010.0,2.0
560000.0,1550.0,1550.0,1890.0,0.0
320000.0,557.0,557.0,1920.0,0.0
869000.0,2092.0,0.0,2010.0,0.0
705000.0,1311.0,0.0,2011.0,2.0
560000.0,1300.0,0.0,1900.0,0.0
525000.0,1073.0,0.0,1905.0,0.0
512000.0,814.0,0.0,1900.0,1.0
512000.0,814.0,0.0,1890.0,0.0
430000.0,805.0,0.0,2003.0,2.0
430000.0,805.0,0.0,2003.0,0.0
450000.0,800.0,0.0,1890.0,0.0
407000.0,773.0,0.0,2000.0,1.0
617500.0,1375.0,2700.0,1900.0,0.0
772000.0,2420.0,2371.0,1997.0,1.0
449000.0,1365.0,1365.0,1890.0,0.0
684000.0,1279.0,1279.0,2006.0,1.0
425000.0,1608.0,771.0,1885.0,0.0
297000.0,600.0,435.0,1905.0,0.0
474000.0,1008.0,0.0,1905.0,0.0
677000.0,1600.0,0.0,2014.0,2.0
260000.0,795.0,0.0,1900.0,0.0
635000.0,1315.0,0.0,2011.0,0.0
710000.0,1117.0,0.0,2012.0,0.0
245113.0,1150.0,0.0,2001.0,2.0
245113.0,1150.0,0.0,2002.0,0.0
440000.0,986.0,986.0,1880.0,0.0
420000.0,941.0,941.0,1890.0,0.0
850000.0,1350.0,0.0,2007.0,2.0
599000.0,945.0,0.0,2007.0,1.0
390000.0,867.0,0.0,1905.0,0.0
590000.0,3128.0,1432.0,1890.0,2.0
533000.0,1353.0,1353.0,1890.0,0.0
501500.0,1000.0,0.0,1998.0,0.0
501500.0,1000.0,0.0,1998.0,0.0
590000.0,1302.0,0.0,1900.0,0.0
530000.0,1090.0,0.0,1900.0,0.0
458000.0,900.0,0.0,1910.0,0.0
458000.0,893.0,0.0,1910.0,0.0
315000.0,561.0,0.0,1899.0,0.0
520000.0,1070.0,0.0,1899.0,0.0
520000.0,1070.0,0.0,1899.0,0.0
550000.0,1370.0,0.0,1900.0,2.0
480000.0,1736.0,0.0,1890.0,0.0
550000.0,3132.0,0.0,1890.0,0.0
322050.0,543.0,0.0,1900.0,0.0
399000.0,625.0,0.0,1910.0,0.0
321000.0,700.0,0.0,1920.0,0.0
649000.0,1300.0,0.0,1890.0,0.0
1400000.0,3267.0,4755.0,1890.0,0.0
540500.0,1872.0,1774.0,1989.0,2.0
365000.0,948.0,948.0,1890.0,0.0
310000.0,635.0,635.0,1890.0,0.0
439000.0,938.0,0.0,1990.0,1.0
600000.0,2772.0,0.0,1905.0,0.0
1004500.0,3516.0,0.0,1905.0,0.0
635000.0,1806.0,0.0,1905.0,0.0
450000.0,1127.0,0.0,1860.0,0.0
305000.0,622.0,0.0,1890.0,0.0
500000.0,1161.0,0.0,1905.0,0.0
375000.0,806.0,0.0,1900.0,0.0
572500.0,1800.0,1107.0,1900.0,0.0
365000.0,885.0,885.0,1890.0,0.0
685000.0,1366.0,0.0,1905.0,1.0
623000.0,1403.0,0.0,1900.0,0.0
405000.0,960.0,1378.0,1900.0,1.0
450000.0,1018.0,1018.0,1890.0,0.0
485000.0,1007.0,0.0,1900.0,0.0
410000.0,644.0,0.0,1900.0,0.0
369000.0,868.0,0.0,1989.0,2.0
421000.0,758.0,758.0,1890.0,0.0
700000.0,1818.0,3075.0,1900.0,0.0
564000.0,1824.0,1290.0,1890.0,0.0
615000.0,1061.0,1061.0,2011.0,2.0
365000.0,656.0,777.0,1920.0,0.0
400000.0,770.0,770.0,1875.0,0.0
459000.0,1153.0,0.0,1890.0,0.0
492500.0,1115.0,0.0,1890.0,0.0
492000.0,877.0,0.0,1900.0,1.0
372000.0,642.0,642.0,1988.0,1.0
372000.0,642.0,0.0,1988.0,0.0
670000.0,1500.0,1140.0,1890.0,1.0
670000.0,1500.0,1140.0,1890.0,1.0
784980.0,1995.0,900.0,1875.0,0.0
735000.0,1300.0,0.0,2009.0,2.0
640000.0,1139.0,0.0,2004.0,2.0
1200000.0,1760.0,0.0,2014.0,2.0
405000.0,621.0,0.0,2014.0,0.0
516500.0,974.0,974.0,1905.0,0.0
2000000.0,3195.0,0.0,2007.0,4.0
655000.0,1126.0,0.0,2014.0,4.0
649000.0,991.0,0.0,2014.0,4.0
635000.0,1077.0,0.0,1915.0,2.0
511250.0,849.0,0.0,2014.0,4.0
480000.0,1034.0,0.0,1905.0,0.0
399000.0,814.0,0.0,2002.0,2.0
545800.0,1145.0,1145.0,2006.0,4.0
436000.0,864.0,864.0,1890.0,0.0
357000.0,630.0,630.0,1946.0,1.0
545800.0,1027.0,0.0,2006.0,0.0
875000.0,1395.0,0.0,2014.0,4.0
460000.0,1325.0,0.0,1890.0,0.0
336000.0,602.0,0.0,1905.0,0.0
465000.0,975.0,975.0,1880.0,0.0
360000.0,620.0,620.0,1890.0,0.0
579000.0,982.0,0.0,2014.0,4.0
460000.0,1239.0,0.0,1890.0,0.0
669000.0,1450.0,0.0,2014.0,2.0
690000.0,1287.0,1287.0,2012.0,2.0
489000.0,800.0,800.0,1920.0,1.0
369000.0,714.0,714.0,1939.0,1.0
650000.0,1609.0,0.0,2013.0,1.0
529000.0,834.0,0.0,2014.0,4.0
459000.0,616.0,0.0,2014.0,0.0
364000.0,600.0,0.0,1910.0,0.0
489000.0,800.0,0.0,1920.0,0.0
550000.0,1312.0,1312.0,1900.0,0.0
525000.0,1268.0,1268.0,1890.0,0.0
680000.0,1250.0,1250.0,2009.0,2.0
680000.0,1250.0,1250.0,2009.0,2.0
1150000.0,2200.0,1207.0,1890.0,2.0
426500.0,885.0,885.0,2000.0,1.0
389000.0,843.0,843.0,1989.0,2.0
362500.0,605.0,605.0,1890.0,0.0
675000.0,1135.0,0.0,2014.0,4.0
562000.0,1357.0,0.0,1890.0,0.0
519000.0,845.0,0.0,2014.0,4.0
470000.0,1045.0,0.0,1899.0,0.0
568000.0,1475.0,0.0,2013.0,1.0
554000.0,1410.0,0.0,2006.0,2.0
410000.0,634.0,0.0,1880.0,0.0
394500.0,627.0,0.0,2014.0,0.0
485000.0,828.0,0.0,1904.0,0.0
479000.0,810.0,0.0,1888.0,0.0
400000.0,782.0,0.0,1890.0,0.0
399000.0,650.0,8100.0,1900.0,2.0
382000.0,722.0,1470.0,1900.0,1.0
475000.0,870.0,1433.0,1875.0,0.0
575000.0,1700.0,1120.0,1880.0,0.0
456000.0,1047.0,1047.0,1905.0,0.0
425000.0,725.0,725.0,1920.0,4.0
400000.0,609.0,609.0,1900.0,0.0
825000.0,2050.0,0.0,1900.0,0.0
980000.0,1580.0,0.0,2014.0,2.0
882000.0,1609.0,0.0,2013.0,1.0
840000.0,1650.0,0.0,2013.0,2.0
765000.0,1480.0,0.0,2008.0,2.0
749000.0,1609.0,0.0,2013.0,1.0
567000.0,1216.0,0.0,1910.0,2.0
435000.0,941.0,0.0,1890.0,0.0
715000.0,2008.0,0.0,1890.0,0.0
480000.0,877.0,0.0,1900.0,1.0
389000.0,800.0,0.0,1905.0,2.0
528000.0,1040.0,0.0,1988.0,0.0
485000.0,828.0,0.0,1904.0,0.0
399000.0,650.0,0.0,1920.0,0.0
375000.0,905.0,0.0,1972.0,1.0
825000.0,2050.0,0.0,1900.0,0.0
829000.0,1266.0,0.0,2014.0,4.0
575000.0,1078.0,1078.0,1890.0,1.0
975000.0,3390.0,0.0,1890.0,0.0
1185000.0,4136.0,1650.0,1900.0,0.0
520000.0,1259.0,1259.0,1899.0,1.0
580000.0,2052.0,0.0,1900.0,0.0
665000.0,1139.0,0.0,2004.0,2.0
467500.0,1250.0,0.0,1900.0,0.0
467500.0,1250.0,0.0,1900.0,0.0
646000.0,1689.0,1689.0,2006.0,0.0
335000.0,575.0,415.0,1905.0,0.0
1500000.0,2669.0,0.0,2013.0,2.0
429000.0,1580.0,1355.0,1890.0,0.0
919000.0,1505.0,4907.0,2010.0,4.0
900000.0,1984.0,2005.0,2006.0,2.0
465000.0,900.0,894.0,1897.0,1.0
331000.0,610.0,610.0,1899.0,0.0
884000.0,1690.0,0.0,2013.0,1.0
472000.0,1010.0,0.0,1906.0,0.0
540000.0,2205.0,759.0,1895.0,0.0
629000.0,1043.0,0.0,2014.0,4.0
524000.0,1102.0,1102.0,1930.0,0.0
310000.0,595.0,595.0,1946.0,1.0
489000.0,1408.0,2060.0,1900.0,1.0
685000.0,1772.0,1772.0,1900.0,0.0
450000.0,965.0,965.0,2003.0,1.0
470000.0,943.0,943.0,2006.0,2.0
335000.0,668.0,678.0,1920.0,0.0
550000.0,1160.0,0.0,2014.0,2.0
446000.0,1223.0,0.0,1999.0,0.0
461500.0,603.0,0.0,2014.0,0.0
446000.0,848.0,0.0,1920.0,2.0
446000.0,848.0,0.0,1920.0,0.0
417000.0,902.0,0.0,1900.0,1.0
1075000.0,2397.0,0.0,1899.0,2.0
765000.0,3109.0,2500.0,1870.0,0.0
510000.0,2400.0,1500.0,1910.0,0.0
610000.0,1194.0,0.0,1905.0,0.0
323000.0,567.0,0.0,1899.0,0.0
610000.0,1650.0,1436.0,1890.0,0.0
361000.0,680.0,435.0,1899.0,0.0
1210000.0,2234.0,2234.0,2012.0,4.0
555000.0,1383.0,1383.0,1920.0,0.0
925000.0,1580.0,0.0,2014.0,2.0
850000.0,1580.0,0.0,2014.0,2.0
520000.0,1168.0,0.0,1996.0,0.0
650000.0,2932.0,0.0,1900.0,0.0
415000.0,1360.0,2730.0,1890.0,0.0
595000.0,1162.0,1162.0,1905.0,1.0
675000.0,2000.0,1083.0,2009.0,1.0
675000.0,2000.0,1083.0,2009.0,1.0
1350000.0,2072.0,0.0,2007.0,4.0
510000.0,1054.0,0.0,1910.0,1.0
510000.0,1054.0,0.0,1910.0,0.0
650000.0,2547.0,0.0,1900.0,0.0
439000.0,1400.0,1610.0,1890.0,1.0
599000.0,1388.0,1388.0,2000.0,1.0
395000.0,988.0,1150.0,1900.0,0.0
479000.0,1479.0,1099.0,1910.0,0.0
390000.0,635.0,635.0,1905.0,0.0
937500.0,1252.0,0.0,2013.0,1.0
521000.0,1084.0,0.0,2010.0,0.0
410000.0,830.0,0.0,1890.0,0.0
440000.0,1172.0,1172.0,1905.0,0.0
474000.0,930.0,930.0,2006.0,1.0
385000.0,571.0,571.0,1890.0,0.0
398000.0,677.0,0.0,1900.0,0.0
465000.0,813.0,813.0,1890.0,0.0
308750.0,710.0,710.0,1880.0,0.0
335000.0,632.0,0.0,1905.0,0.0
504000.0,1026.0,1304.0,1985.0,0.0
505000.0,873.0,918.0,1890.0,0.0
429000.0,775.0,775.0,1920.0,2.0
1090000.0,2286.0,0.0,1900.0,0.0
560000.0,1105.0,0.0,2000.0,1.0
560000.0,1105.0,0.0,2000.0,0.0
466000.0,854.0,0.0,1905.0,0.0
565000.0,1500.0,0.0,1890.0,0.0
565000.0,1500.0,0.0,1890.0,0.0
565000.0,1117.0,0.0,1890.0,0.0
544000.0,1071.0,0.0,1988.0,2.0
300000.0,560.0,0.0,1900.0,0.0
420000.0,1404.0,0.0,1890.0,0.0
480000.0,1228.0,2250.0,1908.0,0.0
290000.0,717.0,860.0,2007.0,0.0
285000.0,560.0,636.0,1899.0,0.0
720000.0,1113.0,0.0,1906.0,0.0
634000.0,1066.0,0.0,2014.0,4.0
619000.0,1475.0,0.0,1890.0,1.0
290000.0,717.0,0.0,2006.0,0.0
535000.0,902.0,0.0,2008.0,1.0
535000.0,902.0,0.0,1905.0,0.0
475000.0,966.0,0.0,1890.0,0.0
415000.0,766.0,0.0,1890.0,0.0
480000.0,1075.0,1075.0,1900.0,0.0
411500.0,842.0,842.0,1890.0,0.0
880000.0,1797.0,0.0,2000.0,5.0
530000.0,1116.0,0.0,2007.0,2.0
410000.0,765.0,0.0,1909.0,1.0
385000.0,776.0,0.0,1899.0,1.0
333500.0,790.0,0.0,1905.0,0.0
462500.0,882.0,882.0,1890.0,0.0
455000.0,1366.0,0.0,1900.0,0.0
208000.0,706.0,0.0,1910.0,4.0
639000.0,1320.0,0.0,1900.0,0.0
427000.0,733.0,0.0,1910.0,0.0
307500.0,598.0,598.0,1890.0,0.0
413000.0,688.0,0.0,1910.0,1.0
726500.0,2288.0,2288.0,1905.0,2.0
1300000.0,2000.0,0.0,2013.0,2.0
1300000.0,2000.0,0.0,2013.0,2.0
391809.0,734.0,0.0,1900.0,0.0
850000.0,1874.0,0.0,2013.0,1.0
1040000.0,2721.0,1833.0,1899.0,2.0
222000.0,757.0,757.0,2003.0,1.0
284500.0,520.0,0.0,1905.0,0.0
622000.0,1642.0,1652.0,1890.0,2.0
445000.0,912.0,912.0,1900.0,1.0
445000.0,704.0,704.0,1890.0,0.0
440000.0,590.0,590.0,1920.0,1.0
330000.0,518.0,518.0,1890.0,0.0
585000.0,1445.0,0.0,1899.0,1.0
373000.0,785.0,0.0,2006.0,1.0
607500.0,998.0,0.0,2008.0,2.0
1110000.0,3249.0,2324.0,1909.0,0.0
165000.0,1500.0,0.0,1890.0,0.0
165000.0,1500.0,0.0,1890.0,0.0
1250000.0,2867.0,0.0,1930.0,0.0
325000.0,1805.0,0.0,1890.0,0.0
340000.0,551.0,0.0,1910.0,0.0
30000.0,1501.0,0.0,2000.0,0.0
463000.0,955.0,0.0,1905.0,0.0
390000.0,660.0,0.0,1880.0,0.0
560000.0,1482.0,1482.0,1890.0,1.0
769000.0,2178.0,0.0,1998.0,1.0
535000.0,1203.0,0.0,1899.0,0.0
580000.0,2340.0,0.0,1905.0,0.0
580000.0,2340.0,2005.0,1905.0,0.0
665000.0,2932.0,0.0,1890.0,0.0
1055000.0,3708.0,0.0,1900.0,0.0
660000.0,1530.0,0.0,2014.0,0.0
205000.0,520.0,0.0,1890.0,0.0
722500.0,1558.0,0.0,1988.0,0.0
869000.0,1651.0,0.0,2012.0,2.0
715000.0,2240.0,0.0,1892.0,0.0
586000.0,1106.0,1106.0,1930.0,1.0
390000.0,608.0,608.0,1890.0,0.0
999000.0,1746.0,0.0,2014.0,1.0
980000.0,1675.0,0.0,2014.0,1.0
629000.0,934.0,0.0,2014.0,1.0
586000.0,1106.0,0.0,1930.0,0.0
719000.0,1303.0,0.0,2014.0,1.0
719000.0,1282.0,0.0,2014.0,1.0
695000.0,1303.0,0.0,2014.0,1.0
600000.0,929.0,0.0,2014.0,1.0
599000.0,929.0,0.0,2014.0,1.0
579000.0,949.0,0.0,2014.0,1.0
378000.0,819.0,0.0,1989.0,0.0
490000.0,1229.0,1229.0,1890.0,2.0
494000.0,1470.0,0.0,2004.0,0.0
509000.0,948.0,871.0,1890.0,1.0
389000.0,808.0,808.0,1900.0,0.0
435000.0,695.0,695.0,1900.0,1.0
749000.0,1388.0,0.0,2014.0,1.0
382500.0,690.0,0.0,1920.0,1.0
382500.0,690.0,0.0,1920.0,0.0
426000.0,879.0,0.0,1989.0,2.0
625000.0,1222.0,1222.0,1999.0,4.0
750000.0,1337.0,0.0,1910.0,2.0
470000.0,948.0,948.0,1899.0,0.0
315000.0,630.0,630.0,1900.0,1.0
423000.0,798.0,0.0,1905.0,0.0
610000.0,1539.0,1600.0,2010.0,0.0
612000.0,2142.0,0.0,1880.0,0.0
675000.0,1250.0,0.0,2014.0,1.0
675000.0,1250.0,0.0,2014.0,1.0
610000.0,1247.0,0.0,1900.0,0.0
506000.0,2176.0,0.0,1910.0,0.0
439000.0,1400.0,1200.0,1900.0,0.0
260000.0,675.0,675.0,1890.0,0.0
609000.0,879.0,0.0,2014.0,1.0
559000.0,949.0,0.0,2014.0,1.0
425000.0,1632.0,0.0,1900.0,0.0
625000.0,1190.0,1190.0,2010.0,1.0
799000.0,2478.0,6680.0,2004.0,2.0
1289000.0,3528.0,0.0,1890.0,0.0
650000.0,1047.0,0.0,2014.0,2.0
543500.0,1160.0,0.0,2014.0,2.0
191461.0,880.0,0.0,1989.0,0.0
785000.0,1640.0,0.0,2014.0,2.0
350000.0,700.0,700.0,1910.0,0.0
1350000.0,2512.0,0.0,1987.0,0.0
449000.0,1197.0,0.0,1890.0,0.0
442000.0,771.0,0.0,1890.0,0.0
700000.0,1430.0,5526.0,2014.0,2.0
700000.0,1430.0,5526.0,2014.0,2.0
455000.0,1013.0,1578.0,1908.0,0.0
760000.0,1188.0,0.0,2007.0,2.0
435000.0,2500.0,1750.0,2004.0,0.0
500000.0,988.0,0.0,1890.0,0.0
1010000.0,2998.0,0.0,1927.0,0.0
445000.0,800.0,0.0,1984.0,0.0
569500.0,1021.0,1021.0,2008.0,2.0
647000.0,1305.0,0.0,1900.0,0.0
525000.0,1917.0,0.0,1905.0,0.0
435000.0,1430.0,0.0,2004.0,0.0
510000.0,1150.0,805.0,1890.0,0.0
555000.0,1124.0,1480.0,1905.0,0.0
325000.0,560.0,0.0,1870.0,0.0
759000.0,2100.0,2100.0,1900.0,2.0
815000.0,3435.0,1280.0,1910.0,0.0
599000.0,859.0,0.0,2014.0,1.0
990000.0,2698.0,1378.0,1890.0,0.0
179268.0,1064.0,0.0,1905.0,0.0
599000.0,1125.0,0.0,1900.0,1.0
348000.0,668.0,0.0,1939.0,1.0
850000.0,1640.0,5526.0,2014.0,2.0
288536.0,965.0,965.0,2006.0,0.0
657500.0,1250.0,0.0,2014.0,1.0
657500.0,1250.0,0.0,2014.0,1.0
612250.0,1311.0,0.0,1900.0,1.0
1085000.0,1909.0,0.0,2014.0,2.0
845000.0,1600.0,0.0,2013.0,1.0
720000.0,1589.0,0.0,2012.0,1.0
508100.0,1031.0,0.0,1900.0,0.0
367000.0,800.0,0.0,1960.0,0.0
367000.0,800.0,0.0,1960.0,0.0
395000.0,945.0,945.0,1890.0,0.0
699000.0,1630.0,0.0,1900.0,0.0
480000.0,861.0,0.0,1890.0,0.0
440000.0,900.0,0.0,1890.0,0.0
345000.0,550.0,0.0,1870.0,0.0
599000.0,1354.0,1540.0,1900.0,0.0
300000.0,510.0,455.0,1880.0,0.0
345000.0,2112.0,0.0,1870.0,0.0
545000.0,1709.0,0.0,1900.0,0.0
800000.0,2186.0,0.0,1905.0,0.0
469440.0,1104.0,0.0,2000.0,0.0
800000.0,1600.0,0.0,2000.0,0.0
415000.0,920.0,0.0,2000.0,1.0
415000.0,920.0,0.0,2000.0,0.0
340000.0,526.0,0.0,1890.0,0.0
198400.0,723.0,0.0,2006.0,0.0
399000.0,840.0,0.0,1900.0,0.0
937500.0,3492.0,4975.0,1890.0,0.0
800000.0,1600.0,0.0,1910.0,2.0
725000.0,1533.0,0.0,2010.0,0.0
501500.0,980.0,0.0,1870.0,0.0
950000.0,3995.0,1868.0,1900.0,0.0
1000000.0,3297.0,0.0,1900.0,0.0
670000.0,1976.0,0.0,1915.0,1.0
312000.0,560.0,0.0,1939.0,1.0
875000.0,1485.0,5526.0,2014.0,2.0
1200000.0,2360.0,0.0,2014.0,1.0
430000.0,810.0,0.0,1875.0,0.0
350000.0,540.0,540.0,1890.0,0.0
438000.0,1050.0,0.0,1899.0,0.0
430000.0,810.0,0.0,1875.0,0.0
726000.0,3007.0,0.0,1900.0,0.0
710000.0,1423.0,1423.0,2012.0,2.0
359000.0,631.0,1000.0,1900.0,0.0
660000.0,1126.0,0.0,2014.0,2.0
575000.0,1072.0,0.0,1905.0,0.0
384500.0,937.0,0.0,1880.0,0.0
539000.0,1060.0,0.0,1880.0,0.0
611000.0,2432.0,1420.0,1890.0,0.0
539000.0,2482.0,0.0,1890.0,0.0
380000.0,525.0,0.0,1912.0,0.0
700000.0,1720.0,1800.0,1905.0,0.0
677000.0,1134.0,0.0,1899.0,1.0
466000.0,1019.0,0.0,1890.0,0.0
867750.0,2117.0,1669.0,1887.0,1.0
545000.0,1044.0,1044.0,1905.0,0.0
550000.0,3357.0,0.0,1875.0,0.0
546000.0,1165.0,0.0,1890.0,2.0
792250.0,1286.0,0.0,2007.0,1.0
550000.0,1416.0,2160.0,1875.0,0.0
690000.0,1479.0,1479.0,1915.0,4.0
699000.0,1201.0,1201.0,1875.0,0.0
690000.0,1479.0,0.0,1915.0,0.0
779000.0,1343.0,1343.0,2011.0,4.0
505000.0,935.0,935.0,1890.0,0.0
510000.0,770.0,770.0,1906.0,0.0
469000.0,856.0,0.0,1890.0,4.0
430000.0,915.0,915.0,1885.0,0.0
625000.0,1984.0,795.0,1892.0,0.0
370000.0,518.0,518.0,1890.0,0.0
640000.0,1126.0,0.0,2014.0,2.0
589000.0,1121.0,9999.0,2008.0,2.0
941000.0,1950.0,1950.0,1996.0,3.0
508000.0,1153.0,1153.0,1905.0,0.0
502100.0,1202.0,865.0,1885.0,0.0
629000.0,1270.0,0.0,2009.0,2.0
449000.0,865.0,0.0,1905.0,0.0
265000.0,630.0,630.0,1925.0,0.0
585000.0,879.0,0.0,2014.0,1.0
650000.0,2151.0,1470.0,1920.0,0.0
829000.0,1650.0,0.0,2013.0,1.0
350000.0,724.0,0.0,1890.0,0.0
406000.0,683.0,0.0,1900.0,1.0
599000.0,1896.0,1553.0,1900.0,0.0
284000.0,965.0,0.0,1920.0,0.0
599000.0,1782.0,1560.0,1890.0,1.0
353000.0,910.0,1218.0,1890.0,0.0
489000.0,1051.0,0.0,1910.0,1.0
491000.0,1040.0,1812.0,1900.0,0.0
610000.0,1470.0,1250.0,2008.0,0.0
350500.0,623.0,623.0,1880.0,0.0
690000.0,2378.0,0.0,1890.0,0.0
529000.0,1060.0,0.0,1899.0,0.0
418000.0,725.0,0.0,1920.0,2.0
506000.0,1564.0,1530.0,1905.0,0.0
568500.0,1309.0,0.0,1900.0,1.0
650000.0,2040.0,0.0,1910.0,0.0
825000.0,1890.0,905.0,1893.0,0.0
740000.0,1157.0,0.0,2007.0,2.0
284000.0,620.0,620.0,1930.0,0.0
399900.0,861.0,0.0,1900.0,0.0
399900.0,861.0,0.0,1900.0,0.0
284000.0,620.0,0.0,1930.0,0.0
499000.0,1158.0,1158.0,2003.0,1.0
700000.0,2010.0,900.0,1875.0,0.0
364500.0,701.0,701.0,1900.0,0.0
699000.0,1200.0,0.0,2014.0,1.0
325000.0,502.0,0.0,1890.0,0.0
685000.0,1126.0,0.0,2014.0,2.0
530000.0,1209.0,1052.0,1905.0,1.0
685000.0,1200.0,0.0,2014.0,1.0
668000.0,1697.0,0.0,1993.0,2.0
1035000.0,1722.0,0.0,2007.0,2.0
605000.0,934.0,0.0,2014.0,1.0
385000.0,860.0,0.0,1930.0,0.0
385000.0,860.0,0.0,1930.0,0.0
645000.0,1257.0,1257.0,2004.0,4.0
365000.0,674.0,674.0,1890.0,0.0
374000.0,538.0,0.0,1880.0,1.0
884000.0,1965.0,1965.0,2013.0,2.0
530000.0,1423.0,1423.0,1880.0,0.0
825000.0,2250.0,1260.0,2003.0,1.0
575000.0,1025.0,1025.0,1890.0,0.0
294500.0,636.0,0.0,1900.0,0.0
660000.0,2019.0,1375.0,1900.0,2.0
409000.0,648.0,648.0,1924.0,0.0
700000.0,1210.0,0.0,2014.0,1.0
769000.0,1300.0,0.0,2014.0,4.0
508000.0,993.0,0.0,1905.0,0.0
615000.0,969.0,0.0,2007.0,2.0
769000.0,1319.0,0.0,1900.0,0.0
433500.0,693.0,0.0,1890.0,0.0
430000.0,1180.0,0.0,1989.0,0.0
272500.0,910.0,0.0,2005.0,0.0
520000.0,1070.0,1070.0,1902.0,0.0
737470.0,1210.0,0.0,2014.0,1.0
433500.0,1712.0,0.0,1905.0,0.0
545000.0,1241.0,1241.0,1905.0,0.0
399000.0,1050.0,725.0,1895.0,0.0
395000.0,888.0,0.0,2000.0,0.0
425000.0,714.0,0.0,1905.0,1.0
489000.0,1115.0,0.0,1900.0,0.0
640000.0,1047.0,0.0,2014.0,2.0
550748.0,2640.0,0.0,1905.0,0.0
330000.0,765.0,0.0,1920.0,0.0
1199000.0,3710.0,1938.0,1903.0,0.0
1375000.0,3824.0,1710.0,1890.0,0.0
480000.0,3260.0,0.0,1890.0,0.0
480000.0,724.0,0.0,1890.0,0.0
589000.0,879.0,0.0,2014.0,1.0
475000.0,1312.0,0.0,1890.0,0.0
381000.0,658.0,0.0,1890.0,1.0
540000.0,2042.0,0.0,1890.0,0.0
392500.0,602.0,602.0,1910.0,0.0
510000.0,3080.0,0.0,1900.0,0.0
510000.0,1004.0,0.0,1910.0,1.0
340000.0,595.0,0.0,1946.0,0.0
420000.0,1440.0,1292.0,1900.0,0.0
385000.0,655.0,0.0,1900.0,0.0
860000.0,1350.0,0.0,2006.0,0.0
491000.0,1040.0,0.0,1905.0,0.0
340000.0,948.0,0.0,1890.0,0.0
480000.0,724.0,0.0,2011.0,2.0
465000.0,917.0,0.0,1900.0,0.0
485000.0,1219.0,1219.0,1900.0,1.0
345000.0,915.0,915.0,2005.0,1.0
349900.0,594.0,594.0,1920.0,0.0
195000.0,1224.0,0.0,1906.0,0.0
319250.0,645.0,0.0,1890.0,0.0
814000.0,1300.0,0.0,1890.0,0.0
560000.0,1190.0,0.0,1905.0,0.0
739000.0,1200.0,6694.0,2014.0,2.0
1250000.0,6058.0,1435.0,1900.0,1.0
625000.0,1001.0,1001.0,1890.0,2.0
505000.0,1422.0,973.0,1890.0,0.0
504000.0,1120.0,960.0,1925.0,0.0
590000.0,1129.0,0.0,1920.0,2.0
572400.0,1000.0,0.0,1905.0,2.0
572400.0,1000.0,0.0,1905.0,2.0
395000.0,665.0,0.0,1920.0,1.0
560000.0,2236.0,1620.0,1890.0,0.0
1370000.0,3613.0,0.0,1890.0,0.0
420000.0,1868.0,0.0,2001.0,0.0
500000.0,1184.0,870.0,1900.0,2.0
765000.0,1274.0,0.0,2010.0,0.0
715000.0,1225.0,6694.0,2014.0,1.0
395000.0,3080.0,0.0,1920.0,0.0
577000.0,1393.0,0.0,2014.0,2.0
482000.0,950.0,950.0,1890.0,0.0
315000.0,587.0,0.0,1890.0,1.0
517500.0,850.0,0.0,1900.0,0.0
632000.0,1170.0,6694.0,2014.0,1.0
504000.0,1248.0,1248.0,2012.0,0.0
352800.0,529.0,529.0,1890.0,3.0
950000.0,2520.0,0.0,1905.0,0.0
450000.0,1020.0,1020.0,1890.0,2.0
441000.0,767.0,767.0,1905.0,0.0
409500.0,600.0,600.0,1910.0,1.0
840000.0,1745.0,0.0,2014.0,2.0
444000.0,849.0,0.0,1905.0,0.0
444000.0,849.0,0.0,1905.0,0.0
409500.0,600.0,0.0,1890.0,0.0
388000.0,804.0,0.0,1989.0,0.0
845000.0,2592.0,2139.0,1880.0,0.0
575000.0,1470.0,1470.0,1900.0,1.0
449000.0,1055.0,1055.0,1890.0,0.0
460000.0,750.0,750.0,1890.0,0.0
460000.0,750.0,750.0,1890.0,0.0
355000.0,700.0,700.0,1890.0,0.0
557000.0,1546.0,0.0,1910.0,0.0
545000.0,1562.0,0.0,1899.0,0.0
329000.0,806.0,0.0,1984.0,0.0
662500.0,1271.0,0.0,1899.0,1.0
662500.0,1271.0,0.0,1899.0,0.0
405000.0,732.0,0.0,1890.0,0.0
295000.0,2204.0,0.0,1942.0,0.0
590000.0,1428.0,1343.0,1900.0,0.0
839000.0,1409.0,0.0,2010.0,2.0
455000.0,1400.0,1650.0,1900.0,0.0
1015000.0,3780.0,2160.0,1910.0,0.0
433000.0,1206.0,1056.0,1890.0,0.0
576000.0,1700.0,2161.0,1900.0,0.0
800000.0,2952.0,0.0,1895.0,0.0
465000.0,1174.0,0.0,2000.0,0.0
492000.0,837.0,0.0,1890.0,0.0
638000.0,1690.0,6694.0,2014.0,2.0
325000.0,532.0,532.0,1890.0,1.0
530000.0,1152.0,1152.0,1880.0,0.0
635000.0,1047.0,0.0,2014.0,2.0
375000.0,929.0,0.0,1900.0,0.0
360000.0,1448.0,0.0,1900.0,1.0
360000.0,1448.0,0.0,1900.0,0.0
710000.0,2076.0,1812.0,1888.0,0.0
255153.0,1583.0,1583.0,1989.0,1.0
558000.0,1201.0,0.0,1890.0,0.0
419000.0,741.0,0.0,1900.0,0.0
990000.0,2017.0,2017.0,1982.0,3.0
540000.0,1032.0,0.0,2003.0,1.0
1075000.0,3006.0,0.0,1930.0,0.0
518000.0,880.0,0.0,1890.0,0.0
640000.0,1915.0,0.0,1920.0,1.0
690000.0,1457.0,0.0,1960.0,0.0
499000.0,1185.0,0.0,1890.0,0.0
714000.0,1375.0,1375.0,2012.0,1.0
330000.0,501.0,0.0,1905.0,0.0
490000.0,724.0,0.0,1906.0,0.0
351000.0,1010.0,0.0,1920.0,0.0
580000.0,1310.0,1192.0,1899.0,0.0
474900.0,800.0,800.0,2006.0,2.0
580000.0,1192.0,0.0,1899.0,0.0
820000.0,1876.0,0.0,1900.0,0.0
810000.0,2263.0,2146.0,1910.0,0.0
980000.0,3465.0,0.0,1905.0,0.0
615000.0,1690.0,6694.0,2014.0,1.0
415000.0,1100.0,0.0,1989.0,2.0
759000.0,1300.0,0.0,2014.0,2.0
449000.0,898.0,7750.0,1900.0,1.0
500000.0,871.0,0.0,1925.0,0.0
500000.0,871.0,0.0,1900.0,0.0
355000.0,540.0,0.0,1890.0,0.0
800000.0,1770.0,0.0,1890.0,0.0
362000.0,663.0,9999.0,1920.0,0.0
578000.0,2040.0,2100.0,1905.0,0.0
559000.0,1118.0,9999.0,1890.0,1.0
725000.0,1004.0,1002.0,2006.0,2.0
1500000.0,2517.0,0.0,1987.0,0.0
910400.0,1455.0,0.0,2008.0,1.0
589000.0,849.0,0.0,2014.0,1.0
362000.0,673.0,1923.0,1900.0,0.0
370000.0,599.0,599.0,1905.0,0.0
589000.0,1076.0,0.0,1910.0,0.0
585000.0,938.0,0.0,1890.0,1.0
705000.0,1422.0,2000.0,2010.0,4.0
705000.0,1422.0,0.0,2007.0,0.0
935100.0,1942.0,1942.0,2012.0,4.0
725500.0,1787.0,1787.0,1911.0,2.0
725500.0,1787.0,0.0,1911.0,0.0
354000.0,572.0,0.0,1900.0,0.0
330000.0,586.0,0.0,1890.0,0.0
863000.0,1370.0,0.0,2006.0,1.0
254502.0,702.0,702.0,2005.0,1.0
979000.0,2073.0,0.0,2014.0,4.0
530000.0,997.0,0.0,1932.0,0.0
530000.0,931.0,0.0,1875.0,0.0
530000.0,931.0,0.0,1875.0,0.0
510000.0,1053.0,0.0,1900.0,0.0
412500.0,800.0,0.0,1895.0,0.0
297500.0,436.0,0.0,1910.0,0.0
979000.0,2099.0,0.0,2014.0,4.0
510000.0,1230.0,1230.0,1910.0,0.0
465000.0,860.0,0.0,2000.0,0.0
725000.0,1620.0,1820.0,1988.0,3.0
544000.0,1772.0,1560.0,1890.0,1.0
1175000.0,2000.0,1462.0,2014.0,4.0
1175000.0,2000.0,1462.0,2014.0,4.0
849000.0,1881.0,0.0,2012.0,0.0
845000.0,1281.0,0.0,2006.0,0.0
725000.0,1620.0,0.0,1988.0,0.0
710000.0,1104.0,0.0,2006.0,0.0
430000.0,694.0,0.0,1900.0,0.0
480500.0,812.0,0.0,1890.0,0.0
844000.0,1370.0,0.0,2006.0,2.0
1350000.0,2522.0,2522.0,1987.0,1.0
530000.0,1101.0,1101.0,2001.0,0.0
575000.0,880.0,999.0,2014.0,2.0
725000.0,2242.0,0.0,1890.0,0.0
200000.0,864.0,0.0,1890.0,0.0
685000.0,1355.0,3125.0,1890.0,0.0
616000.0,1416.0,1416.0,1900.0,0.0
390000.0,896.0,896.0,2003.0,0.0
430000.0,601.0,601.0,1899.0,0.0
860000.0,3717.0,5088.0,1890.0,0.0
460000.0,1088.0,0.0,1890.0,0.0
535000.0,950.0,3198.0,1900.0,0.0
525000.0,1006.0,1006.0,1910.0,0.0
520000.0,926.0,900.0,1850.0,0.0
697000.0,1122.0,0.0,2014.0,2.0
760000.0,2340.0,0.0,1900.0,0.0
700000.0,1890.0,0.0,1900.0,0.0
1050000.0,3528.0,0.0,1905.0,0.0
375000.0,606.0,0.0,1910.0,0.0
382500.0,1035.0,1650.0,1905.0,0.0
493000.0,997.0,997.0,1905.0,0.0
691000.0,1357.0,0.0,2015.0,0.0
329000.0,495.0,0.0,1900.0,0.0
567500.0,1020.0,0.0,2004.0,0.0
1100000.0,1866.0,0.0,2015.0,2.0
819000.0,1465.0,0.0,2015.0,2.0
650000.0,1962.0,2125.0,1880.0,0.0
807050.0,1462.0,1462.0,1899.0,1.0
740000.0,954.0,954.0,2006.0,2.0
425000.0,584.0,584.0,1920.0,1.0
425000.0,584.0,0.0,1920.0,0.0
395000.0,908.0,0.0,1984.0,1.0
252000.0,500.0,0.0,1900.0,0.0
675000.0,1492.0,1492.0,1905.0,0.0
457000.0,891.0,891.0,1900.0,1.0
196500.0,706.0,706.0,1910.0,0.0
830000.0,3258.0,0.0,1905.0,0.0
600000.0,1460.0,1170.0,2010.0,1.0
745000.0,2580.0,0.0,1890.0,0.0
480000.0,802.0,802.0,1890.0,0.0
414500.0,672.0,672.0,1899.0,0.0
318000.0,662.0,662.0,1930.0,0.0
670000.0,1692.0,0.0,1900.0,0.0
640000.0,1800.0,1495.0,1890.0,0.0
457000.0,880.0,880.0,1875.0,0.0
969000.0,2060.0,0.0,2014.0,4.0
764000.0,1324.0,0.0,2011.0,2.0
318000.0,662.0,0.0,1930.0,0.0
327500.0,713.0,0.0,1939.0,0.0
780000.0,1259.0,0.0,2009.0,0.0
425000.0,670.0,670.0,1899.0,0.0
487000.0,835.0,0.0,1890.0,0.0
526000.0,740.0,0.0,2014.0,2.0
370000.0,589.0,0.0,1910.0,0.0
449000.0,887.0,0.0,1890.0,0.0
340000.0,972.0,0.0,1905.0,0.0
660000.0,1350.0,5526.0,2014.0,2.0
523000.0,970.0,0.0,1910.0,0.0
175000.0,517.0,0.0,1920.0,0.0
675000.0,1177.0,6694.0,2015.0,1.0
577500.0,984.0,984.0,1920.0,1.0
340000.0,675.0,675.0,1899.0,0.0
183908.0,3126.0,0.0,1905.0,0.0
527000.0,1060.0,0.0,1880.0,0.0
565000.0,1001.0,0.0,1890.0,0.0
527000.0,2136.0,0.0,1880.0,0.0
500000.0,756.0,0.0,1906.0,0.0
425000.0,918.0,918.0,1900.0,0.0
850000.0,2019.0,0.0,1890.0,0.0
1150000.0,2150.0,0.0,2014.0,2.0
1130000.0,1842.0,0.0,2007.0,2.0
792000.0,1390.0,0.0,2014.0,2.0
675000.0,1047.0,0.0,2014.0,2.0
608000.0,1114.0,0.0,1890.0,0.0
575000.0,1260.0,0.0,1920.0,2.0
560000.0,1113.0,0.0,1920.0,0.0
399000.0,790.0,0.0,1890.0,0.0
416000.0,830.0,0.0,1890.0,0.0
577500.0,984.0,0.0,1920.0,0.0
430000.0,972.0,972.0,1987.0,1.0
960000.0,2060.0,0.0,2014.0,4.0
680000.0,1410.0,0.0,1900.0,0.0
555000.0,1069.0,0.0,1890.0,0.0
508000.0,969.0,0.0,1905.0,0.0
500000.0,996.0,0.0,1906.0,0.0
500000.0,996.0,0.0,1906.0,0.0
416000.0,636.0,0.0,1899.0,1.0
310000.0,507.0,0.0,1910.0,0.0
300000.0,916.0,0.0,2001.0,0.0
522000.0,1110.0,1110.0,1920.0,0.0
495000.0,948.0,948.0,1899.0,1.0
900000.0,1745.0,0.0,2015.0,1.0
879000.0,1690.0,0.0,2013.0,1.0
840000.0,1745.0,0.0,2015.0,1.0
825000.0,1700.0,0.0,2013.0,1.0
820000.0,1270.0,0.0,1899.0,0.0
380000.0,540.0,540.0,1890.0,0.0
650000.0,1122.0,0.0,2014.0,2.0
419000.0,912.0,912.0,1899.0,0.0
829000.0,1745.0,0.0,2015.0,1.0
1400000.0,1950.0,0.0,2015.0,2.0
400000.0,2040.0,0.0,1900.0,0.0
585000.0,1962.0,0.0,1882.0,0.0
635000.0,1131.0,1131.0,1905.0,0.0
496000.0,1073.0,1073.0,1945.0,0.0
375000.0,800.0,800.0,1960.0,0.0
375000.0,800.0,800.0,1960.0,0.0
759500.0,1061.0,0.0,2012.0,4.0
400000.0,678.0,0.0,1900.0,0.0
709000.0,1276.0,1276.0,2011.0,2.0
559000.0,925.0,0.0,1900.0,0.0
1350500.0,3474.0,2113.0,1900.0,0.0
728000.0,1850.0,1850.0,2008.0,2.0
860000.0,1492.0,1492.0,2012.0,2.0
550000.0,1925.0,1137.0,1893.0,0.0
490000.0,1371.0,0.0,1890.0,0.0
669000.0,1207.0,0.0,1900.0,0.0
685000.0,1716.0,0.0,1900.0,0.0
384000.0,615.0,0.0,1915.0,0.0
603000.0,1220.0,1362.0,1920.0,1.0
440000.0,750.0,750.0,2006.0,0.0
440000.0,750.0,750.0,2006.0,0.0
603900.0,1362.0,0.0,2000.0,0.0
812500.0,1490.0,0.0,2010.0,0.0
505000.0,914.0,0.0,1920.0,0.0
405000.0,604.0,604.0,1988.0,0.0
715000.0,1158.0,0.0,1900.0,2.0
575000.0,925.0,0.0,1900.0,0.0
450000.0,886.0,0.0,1900.0,0.0
1087000.0,2869.0,2550.0,1910.0,0.0
518000.0,957.0,0.0,1900.0,0.0
518000.0,957.0,0.0,1920.0,0.0
839000.0,1581.0,999.0,2012.0,4.0
412000.0,617.0,617.0,1890.0,0.0
412000.0,617.0,0.0,1890.0,0.0
385000.0,712.0,0.0,1905.0,0.0
667500.0,1247.0,1247.0,1890.0,0.0
1228000.0,1874.0,0.0,2007.0,4.0
840000.0,1498.0,0.0,1906.0,0.0
940000.0,1546.0,0.0,2011.0,2.0
649000.0,1037.0,0.0,2013.0,1.0
710000.0,1381.0,5526.0,2014.0,2.0
491000.0,1163.0,1163.0,1905.0,0.0
584000.0,1259.0,798.0,1873.0,0.0
445000.0,705.0,705.0,1900.0,0.0
650000.0,1100.0,0.0,1910.0,1.0
491000.0,1163.0,0.0,1905.0,0.0
610000.0,1158.0,0.0,1900.0,2.0
675000.0,1836.0,0.0,1890.0,0.0
550000.0,1280.0,0.0,1886.0,0.0
427000.0,731.0,0.0,1900.0,1.0
1260000.0,2075.0,2075.0,2008.0,2.0
692000.0,1276.0,1276.0,2010.0,1.0
564000.0,1092.0,1092.0,1915.0,0.0
407000.0,787.0,787.0,1989.0,2.0
321000.0,662.0,662.0,1930.0,0.0
600000.0,1438.0,0.0,1899.0,0.0
645000.0,920.0,0.0,1927.0,1.0
585000.0,948.0,0.0,2007.0,1.0
525000.0,748.0,0.0,1899.0,0.0
711000.0,998.0,0.0,2009.0,2.0
325000.0,650.0,0.0,1900.0,0.0
470000.0,761.0,0.0,1900.0,0.0
427500.0,640.0,640.0,1905.0,0.0
799000.0,1300.0,0.0,2014.0,1.0
415250.0,855.0,855.0,1905.0,0.0
669000.0,1405.0,6250.0,1900.0,0.0
410000.0,660.0,1000.0,1900.0,1.0
650000.0,1209.0,0.0,1900.0,0.0
1210000.0,3000.0,2000.0,2014.0,2.0
1100000.0,3249.0,1915.0,1920.0,0.0
1300000.0,1952.0,0.0,2015.0,4.0
837600.0,1845.0,0.0,2015.0,1.0
459000.0,850.0,850.0,1905.0,0.0
483000.0,1087.0,1117.0,1890.0,1.0
545000.0,1410.0,0.0,1899.0,1.0
450000.0,939.0,922.0,2000.0,1.0
650000.0,1180.0,990.0,1900.0,0.0
348450.0,882.0,882.0,1900.0,0.0
470000.0,774.0,774.0,1875.0,0.0
1300000.0,1915.0,0.0,2013.0,2.0
479000.0,800.0,0.0,1890.0,0.0
879000.0,1700.0,0.0,2013.0,1.0
603000.0,1310.0,1434.0,1900.0,0.0
373000.0,807.0,807.0,1899.0,0.0
730000.0,1384.0,0.0,1890.0,1.0
899000.0,1690.0,0.0,2013.0,1.0
880000.0,1745.0,0.0,2015.0,1.0
845000.0,1600.0,0.0,2013.0,1.0
546301.0,910.0,0.0,1910.0,0.0
880000.0,1845.0,0.0,2015.0,1.0
880000.0,1845.0,0.0,2013.0,1.0
525000.0,1436.0,1436.0,1905.0,0.0
550000.0,1137.0,1157.0,1890.0,0.0
999000.0,1425.0,999.0,2014.0,4.0
929000.0,1425.0,999.0,2015.0,2.0
744500.0,1133.0,999.0,2015.0,2.0
560000.0,807.0,999.0,2014.0,2.0
869000.0,1600.0,0.0,2015.0,1.0
692000.0,1446.0,0.0,1890.0,0.0
1445000.0,2135.0,0.0,2006.0,4.0
850000.0,1713.0,0.0,1900.0,2.0
929000.0,1745.0,0.0,2015.0,1.0
814000.0,1740.0,0.0,2013.0,1.0
625000.0,1072.0,1072.0,1900.0,0.0
585000.0,933.0,0.0,1900.0,0.0
530000.0,835.0,0.0,1900.0,0.0
705000.0,1812.0,1102.0,1905.0,0.0
753000.0,2109.0,1100.0,1890.0,0.0
508000.0,875.0,875.0,1880.0,0.0
425000.0,824.0,824.0,1890.0,0.0
715000.0,1570.0,0.0,2006.0,4.0
829000.0,1978.0,1742.0,1900.0,1.0
545000.0,860.0,860.0,2006.0,2.0
380000.0,605.0,605.0,1899.0,0.0
430000.0,629.0,0.0,1880.0,0.0
815000.0,1237.0,999.0,2015.0,2.0
809000.0,1203.0,999.0,2015.0,2.0
779000.0,1203.0,999.0,2015.0,2.0
1087500.0,2000.0,9999.0,2013.0,2.0
1087500.0,2000.0,9999.0,2013.0,2.0
350000.0,574.0,574.0,1890.0,0.0
495000.0,928.0,0.0,1890.0,0.0
908000.0,2605.0,3476.0,1890.0,0.0
1300000.0,2417.0,1213.0,1900.0,0.0
1300000.0,2720.0,1163.0,1900.0,0.0
629000.0,1515.0,1053.0,1890.0,1.0
903000.0,1348.0,999.0,2015.0,2.0
829000.0,1199.0,999.0,2015.0,2.0
819000.0,1237.0,999.0,2015.0,2.0
460000.0,950.0,950.0,1895.0,0.0
365000.0,590.0,590.0,1930.0,0.0
1000000.0,1886.0,0.0,2007.0,2.0
685000.0,937.0,0.0,2010.0,2.0
489000.0,1253.0,0.0,1920.0,0.0
442000.0,700.0,0.0,1930.0,0.0
452000.0,845.0,0.0,1900.0,0.0
410000.0,725.0,0.0,1890.0,0.0
525000.0,1776.0,1500.0,1900.0,0.0
432000.0,827.0,995.0,1905.0,0.0
476000.0,777.0,777.0,1900.0,0.0
1055000.0,1771.0,0.0,2000.0,5.0
920000.0,1881.0,0.0,2012.0,2.0
750000.0,1137.0,0.0,2003.0,2.0
595000.0,1260.0,0.0,1890.0,0.0
480000.0,812.0,0.0,2015.0,0.0
954000.0,2165.0,0.0,2014.0,4.0
1650000.0,2192.0,2192.0,1906.0,4.0
485000.0,902.0,0.0,1899.0,0.0
730000.0,2600.0,2001.0,1900.0,0.0
475000.0,1039.0,0.0,1910.0,0.0
649000.0,1207.0,0.0,1900.0,0.0
389000.0,600.0,0.0,1890.0,0.0
400000.0,870.0,0.0,1890.0,0.0
620000.0,1300.0,0.0,1910.0,0.0
490000.0,1178.0,0.0,1900.0,0.0
430000.0,1000.0,0.0,1955.0,0.0
430000.0,1000.0,0.0,1955.0,0.0
595000.0,1119.0,1119.0,1905.0,0.0
604000.0,1041.0,0.0,1900.0,1.0
470000.0,895.0,0.0,1972.0,1.0
1625000.0,3080.0,1080.0,1905.0,0.0
949000.0,1425.0,999.0,2015.0,2.0
345000.0,512.0,0.0,1899.0,0.0
475000.0,924.0,924.0,2000.0,1.0
560000.0,1101.0,0.0,1900.0,1.0
559000.0,1013.0,0.0,1899.0,0.0
485000.0,1124.0,0.0,1890.0,0.0
544000.0,963.0,963.0,1920.0,0.0
415000.0,563.0,563.0,1900.0,0.0
375500.0,550.0,550.0,1875.0,0.0
920000.0,1490.0,0.0,2011.0,2.0
520000.0,875.0,0.0,1900.0,0.0
498000.0,800.0,0.0,1900.0,0.0
500500.0,840.0,944.0,1900.0,0.0
342500.0,581.0,700.0,1899.0,0.0
850000.0,2950.0,0.0,2015.0,0.0
613500.0,957.0,0.0,1900.0,1.0
740000.0,1595.0,0.0,1900.0,4.0
416000.0,815.0,0.0,1900.0,0.0
402500.0,668.0,668.0,1890.0,0.0
473000.0,675.0,0.0,1910.0,0.0
415000.0,614.0,0.0,1899.0,1.0
696500.0,1704.0,2252.0,1890.0,0.0
757000.0,1123.0,1123.0,2012.0,2.0
310000.0,569.0,569.0,1918.0,0.0
695000.0,1111.0,0.0,1900.0,2.0
889000.0,1348.0,999.0,2015.0,2.0
407000.0,964.0,964.0,1905.0,0.0
563000.0,759.0,759.0,1906.0,2.0
323000.0,561.0,0.0,1890.0,0.0
379000.0,570.0,81000.0,1900.0,1.0
536000.0,1195.0,1195.0,2004.0,1.0
530000.0,950.0,950.0,1890.0,0.0
580000.0,862.0,862.0,1906.0,2.0
1650000.0,2815.0,0.0,2015.0,2.0
854000.0,1718.0,0.0,1890.0,2.0
682000.0,1306.0,0.0,2015.0,0.0
710000.0,1115.0,1306.0,2012.0,1.0
517000.0,1387.0,0.0,1900.0,0.0
980000.0,1826.0,0.0,2013.0,4.0
426000.0,672.0,672.0,1890.0,0.0
415000.0,635.0,635.0,1900.0,0.0
310000.0,540.0,0.0,1946.0,1.0
411000.0,745.0,0.0,1900.0,0.0
1299000.0,2484.0,4007.0,1930.0,4.0
909000.0,1850.0,1850.0,2011.0,2.0
600000.0,1059.0,1059.0,1910.0,0.0
319000.0,584.0,584.0,1900.0,0.0
660000.0,993.0,0.0,1905.0,4.0
430000.0,1187.0,0.0,1900.0,1.0
715000.0,1198.0,0.0,1910.0,0.0
343750.0,615.0,0.0,1900.0,0.0
705000.0,1736.0,1899.0,1890.0,0.0
495000.0,1953.0,1428.0,1890.0,1.0
799000.0,1360.0,1360.0,1899.0,2.0
600000.0,1212.0,1212.0,2011.0,1.0
685000.0,1200.0,917.0,1890.0,1.0
540000.0,800.0,800.0,1899.0,0.0
435000.0,761.0,761.0,2001.0,0.0
950000.0,2300.0,0.0,1900.0,1.0
625000.0,1135.0,0.0,1890.0,0.0
699000.0,1676.0,0.0,1875.0,0.0
740000.0,1225.0,0.0,2007.0,4.0
555000.0,902.0,0.0,1900.0,0.0
539000.0,855.0,0.0,1905.0,0.0
1200000.0,3522.0,3548.0,1905.0,3.0
347000.0,625.0,1343.0,1900.0,0.0
430000.0,941.0,941.0,1873.0,0.0
580000.0,928.0,0.0,1905.0,2.0
375000.0,636.0,0.0,1910.0,0.0
422500.0,701.0,0.0,1910.0,0.0
670000.0,1450.0,0.0,2009.0,2.0
380000.0,539.0,0.0,1890.0,0.0
840000.0,1725.0,0.0,1900.0,2.0
