4.254550115355038
4.45186046511628
7.3219512195121945
2.3083333333333336
22.7926453143535
3.5644897959183672
2.67339593114241
3.3414438502673796
33.52693208430914
1.1263265306122447
14.711898734177215
6.6960493827160485
5.102992957746479
4.436
1.507085020242915
13.930372492836677
10.944193548387096
24.038646616541353
10.537457627118645
9.224
1.690506329113924
15.033488372093023
9.439050131926122
8.343484224965707
16.791327913279133
8.128680203045684
15.071461449942463
9.701408450704225
3.5496363636363637
3.8245255474452553
18.976092544987146
5.5842372881355935
2.113502538071066
4.094724770642202
17.876712328767123
9.508818011257034
7.463357400722022
2.22760834670947
2.0106451612903227
3.7481122942884806
3.746153846153846
10.112692307692308
9.1009324009324
9.72152466367713
7.979361702127659
4.244092827004219
5.701001669449082
14.704242424242425
4.695180722891566
0.9676923076923077
2.9476190476190474
10.541298701298702
4.3277551020408165
5.89585121602289
8.736614173228347
10.499615384615385
3.4554
7.961702127659574
13.801772151898733
4.756102362204724
9.903846153846153
14.016330275229357
2.7475783475783477
5.83566037735849
12.294728682170543
5.303346456692913
13.592148037009252
9.236666666666666
2.3083116883116883
8.199753086419753
6.763747454175152
12.601288659793813
7.926846220677672
14.143768115942029
0.20985915492957746
8.638730158730159
7.103373015873016
18.746804123711343
5.933195020746887
3.058108108108108
5.556347438752784
1.6662613981762917
3.3816976127320957
7.442608695652174
13.353641456582633
9.41247311827957
4.771320754716981
17.080107526881722
3.425851703406814
3.676533333333333
9.543972835314092
9.350647820965841
17.15544827586207
5.177254901960785
5.284731182795699
3.248066298342541
7.089638554216868
8.40445434298441
5.914150943396226
3.6006891798759475
0.933448275862069
5.810909090909091
2.917843137254902
3.4577358490566033
0.21490566037735848
6.695348837209303
6.930666666666667
0.47673913043478255
10.551378446115288
2.7203947368421053
0.08034782608695652
17.470293042562417
1.1698051948051948
4.64704845814978
6.336785714285714
4.110714285714286
7.675036496350366
8.811804008908686
12.58292220113852
4.716411378555799
3.9068354430379744
2.9646634615384615
5.064358974358974
9.61205731278724
13.652562574493446
9.956911764705882
9.674954954954956
10.9834
1.2588582677165354
10.716632860040567
1.954307116104869
1.54
3.3247126436781604
9.181622911694511
5.252525252525253
3.7016470588235295
11.392268907563025
11.627518427518428
1.0966153846153845
2.0838938053097342
8.072181818181818
4.544099378881987
3.809154828526331
42.13395953757225
6.367680000000001
1.598123324396783
6.7636165577342044
3.483815789473684
1.5190298507462685
5.435736677115988
3.5620408163265305
0.6638655462184874
10.205506883604505
8.988659793814433
5.126947368421052
2.437587822014051
2.82
21.596774193548388
0.8264727272727272
2.696833333333333
2.147682119205298
8.151875
5.892879746835443
7.100666666666666
3.582689075630252
7.7607476635514026
6.230416666666667
1.0033846153846153
4.537791932059448
8.64
2.7354581673306773
3.8804166666666666
7.923958333333333
2.607291666666667
1.8753072259544485
2.5423853211009173
3.4609615384615386
0.9038636363636363
18.38200202224469
6.230909090909091
1.2404123711340207
3.0813953488372094
16.15767441860465
1.8805172413793103
2.1104761904761906
2.1958742632612966
7.549747899159664
11.673288814691151
1.7619603267211201
11.130225080385852
7.106181818181819
2.383235294117647
16.944301075268818
5.9188473520249225
5.676903165078245
2.4757627118644066
10.405848903330625
2.3841420118343195
1.0794642857142858
0.43833333333333335
5.1116
10.493722627737226
11.330310262529833
23.693478260869565
6.969496021220159
7.201252236135957
14.706273132770239
