495,736,525
545,513,408
572,615,675
620,640,616
480,413,412
600,640,606
390,451,507
390,396,408
1460,942,596
612,762,759
650,1026,892
750,774,671
579,732,645
425,701,528
475,387,416
612,649,540
390,439,485
570,816,630
470,461,410
560,553,523
390,286,309
220,1254,913
505,387,274
437,573,511
535,457,396
540,537,525
610,499,552
399,413,402
630,421,489
408,803,614
420,414,394
471,546,454
293,245,302
460,440,531
307,362,341
293,245,268
475,732,595
245,188,250
1090,797,780
425,475,561
350,312,288
450,492,501
532,434,406
357,284,334
579,732,694
435,453,418
385,356,382
464,430,450
750,1231,627
439,513,409
750,1228,679
480,427,463
445,348,385
445,349,394
622,597,644
390,338,417
380,253,258
360,313,315
345,243,344
385,419,437
419,477,457
367,469,515
458,393,459
390,273,274
325,457,383
325,456,395
650,488,496
405,332,293
263,281,397
597,567,616
422,332,389
366,339,375
791,713,711
500,571,445
500,571,474
400,267,372
274,294,278
459,359,419
434,344,432
599,570,522
175,225,311
378,335,312
234,222,222
575,587,458
425,458,467
665,1100,808
305,345,311
365,444,437
370,310,322
860,1012,566
393,326,337
450,511,500
850,1482,725
282,446,363
455,403,358
820,511,359
260,344,436
346,281,349
369,388,323
555,914,715
207,199,207
551,1565,810
551,475,487
551,475,550
385,524,456
422,386,385
295,289,296
275,471,413
340,231,237
469,487,502
860,627,607
555,558,534
390,501,435
400,723,551
270,233,219
620,735,570
406,544,500
390,353,339
395,518,430
430,440,466
470,533,517
645,980,626
527,466,517
527,466,522
375,368,300
360,359,468
321,353,402
508,919,751
500,829,539
508,408,442
595,847,621
481,408,493
640,772,563
362,356,419
365,353,485
362,356,315
545,481,516
635,449,546
635,455,461
435,461,420
289,415,357
434,356,350
278,223,277
522,1247,835
387,339,321
615,1026,700
625,420,554
377,675,593
315,469,346
710,900,672
600,983,638
380,270,281
385,283,331
345,209,263
505,474,585
340,478,421
540,654,511
540,652,571
850,1296,719
820,618,619
679,515,663
565,405,482
412,336,427
525,635,450
607,659,562
595,449,520
280,438,404
640,1242,655
280,788,566
589,418,483
589,403,431
480,303,442
855,672,711
855,672,614
460,397,500
446,384,362
582,564,472
690,517,617
690,519,498
630,450,515
630,454,486
432,457,529
265,237,310
599,421,444
855,681,726
405,333,442
399,292,358
278,316,364
940,715,696
850,1042,665
505,723,552
580,412,517
305,276,334
199,631,432
430,598,461
599,552,605
587,549,623
322,330,276
580,1049,768
615,726,580
625,900,642
301,699,531
485,356,325
375,1255,891
525,368,371
405,528,502
525,370,539
250,267,347
457,419,378
330,872,537
409,608,401
541,570,505
541,570,470
875,864,528
537,533,596
345,425,404
418,408,422
562,517,524
350,326,325
340,330,356
337,629,426
433,410,400
433,897,518
316,214,262
525,422,610
426,306,298
205,481,348
350,618,394
355,307,368
537,681,527
537,454,470
530,478,459
597,589,665
597,589,455
487,421,403
319,338,381
410,352,326
245,228,274
649,533,433
420,329,420
359,333,338
470,388,407
321,283,344
327,297,348
285,210,344
250,191,275
327,297,296
577,361,421
410,387,369
460,621,504
244,229,275
395,283,315
270,348,379
579,503,538
550,448,465
430,427,437
589,783,552
587,433,468
440,437,482
440,437,429
465,306,388
324,284,370
304,260,364
304,260,318
244,230,302
525,489,517
265,275,374
392,308,289
106,521,419
270,283,282
718,866,558
250,461,448
419,717,469
325,243,316
179,215,296
385,306,337
457,401,416
396,316,318
595,468,467
609,766,678
609,766,687
440,746,487
395,452,412
404,322,373
609,606,536
800,843,580
900,673,761
570,446,502
550,456,528
333,264,321
142,370,370
465,742,537
632,459,536
465,439,476
450,496,487
465,404,420
675,495,450
557,948,651
515,421,384
495,612,480
515,688,533
260,256,324
432,540,534
343,472,378
199,196,287
312,211,268
290,300,319
721,990,636
445,306,394
420,734,628
845,589,572
680,493,607
400,382,407
500,387,532
500,389,431
437,376,433
430,428,441
750,1267,697
189,482,465
620,1347,611
605,665,636
330,249,299
439,401,478
410,281,324
695,877,565
905,599,559
440,471,484
685,797,495
625,1150,606
332,270,245
329,749,572
329,388,377
329,388,450
425,293,446
259,194,234
330,711,442
262,204,268
262,204,281
395,256,263
420,340,367
256,198,303
259,625,522
575,507,647
294,273,342
499,501,467
724,873,883
285,325,289
375,265,271
494,534,537
344,287,360
442,606,563
325,262,301
442,606,603
679,786,705
679,784,767
740,522,556
360,288,283
319,267,283
741,625,709
338,266,292
559,628,711
795,729,618
550,492,556
550,492,593
520,638,571
425,326,430
370,288,365
370,289,373
349,304,333
335,258,278
340,250,297
890,753,805
647,478,591
569,474,636
335,259,331
315,255,311
249,274,283
245,347,299
910,1084,667
465,519,503
355,321,322
500,901,586
415,674,654
275,238,296
439,417,490
270,597,487
270,595,498
600,514,551
380,475,380
840,928,909
373,319,288
241,225,321
600,497,520
556,649,564
487,395,378
373,319,312
725,548,640
435,397,446
335,228,306
247,216,283
339,221,262
375,312,275
570,790,594
380,301,291
669,493,638
669,493,614
405,498,461
450,319,469
449,311,405
340,244,300
295,258,332
875,718,759
659,540,627
649,500,595
649,501,613
226,633,537
215,460,492
390,312,270
390,312,299
515,531,460
649,505,521
465,440,510
629,840,521
385,294,304
465,441,457
290,267,322
255,229,290
287,267,314
214,267,308
420,632,427
273,226,256
577,1292,604
845,676,723
588,487,526
965,1770,590
446,522,481
617,830,548
375,324,464
450,360,342
504,514,407
500,495,462
852,1008,556
321,250,335
204,351,337
479,516,618
455,445,500
450,402,518
450,403,467
530,434,473
450,390,445
449,306,399
455,448,412
355,285,291
290,282,334
360,276,297
465,334,387
424,331,431
520,538,476
385,270,327
679,518,615
610,598,512
385,325,363
385,299,284
385,250,301
685,942,594
640,694,670
746,869,609
289,290,333
389,360,415
1047,1019,585
374,276,315
505,491,472
490,485,456
440,346,398
374,429,454
335,250,302
414,348,320
600,760,694
597,531,588
537,529,522
540,498,554
489,478,457
381,296,367
292,230,301
741,638,506
597,540,517
550,481,586
540,505,502
536,531,493
499,403,463
437,503,468
280,263,294
280,263,339
449,409,423
550,300,315
340,272,289
685,1321,675
600,769,603
475,443,516
291,657,546
435,349,296
435,350,357
419,285,316
340,266,328
380,417,379
380,417,381
412,289,349
433,355,456
433,355,423
384,334,327
385,638,463
520,443,486
534,962,603
439,513,426
392,466,395
645,562,704
292,233,281
429,384,442
419,378,438
850,947,723
379,334,339
415,334,370
504,407,475
415,334,352
284,257,325
100,691,443
505,474,460
467,478,442
365,347,382
875,1500,710
774,607,680
640,606,633
568,564,603
422,342,394
375,442,432
386,347,388
355,226,281
290,216,281
441,367,331
355,304,379
360,462,376
439,360,363
360,276,353
434,536,417
460,504,477
324,292,339
557,583,520
620,1055,598
620,1460,712
560,679,496
429,390,339
415,378,455
505,514,547
596,767,561
540,650,508
535,707,520
329,231,332
402,344,370
500,567,479
485,537,468
481,538,490
545,434,513
437,357,339
829,882,820
545,434,455
569,481,497
830,882,804
699,882,810
439,540,456
380,529,392
830,1749,857
819,713,807
515,390,450
412,374,358
685,714,523
685,714,532
600,515,583
503,439,453
465,426,416
419,391,396
545,720,529
499,722,523
535,650,504
399,475,438
489,469,450
335,303,309
498,481,433
420,293,442
428,338,330
428,338,328
420,303,307
367,300,347
430,515,467
290,238,325
482,343,341
409,408,379
350,356,397
385,356,437
362,405,376
362,405,380
567,432,472
525,697,529
635,658,548
704,1120,596
625,694,536
1300,782,831
616,530,597
616,530,587
395,784,538
323,289,308
440,508,429
1100,1009,601
440,508,467
420,376,395
394,433,394
540,538,512
851,687,702
275,215,323
800,1222,738
800,930,701
510,411,417
469,395,542
429,385,472
469,396,533
500,443,493
495,455,500
462,430,424
665,597,580
475,517,614
439,513,531
425,479,456
455,544,455
455,322,371
334,413,404
450,477,486
529,465,519
876,1384,710
876,1380,665
779,842,591
800,903,613
730,674,731
579,490,551
432,318,360
432,318,336
319,289,361
528,491,457
490,481,487
493,362,424
426,608,545
1945,862,933
649,657,709
1945,2507,1323
520,439,681
444,406,397
575,392,400
275,308,369
612,622,615
502,491,502
460,493,545
386,321,298
386,321,345
386,293,342
550,435,558
550,436,395
525,524,560
451,435,400
480,328,459
835,1215,778
254,219,305
920,794,935
640,650,622
635,515,558
522,526,540
355,259,330
504,642,643
295,366,323
375,334,366
380,1112,656
670,630,628
465,463,489
510,480,442
785,664,634
495,495,459
629,445,536
500,406,361
410,415,386
315,234,298
574,538,498
430,468,446
570,417,488
376,412,423
395,350,359
297,244,336
602,564,481
390,512,491
500,584,459
374,555,483
485,472,471
539,572,535
670,1114,686
522,487,450
505,485,465
410,422,369
462,378,391
356,370,374
271,230,320
279,216,288
553,629,544
376,411,436
590,625,493
422,477,502
655,470,534
185,238,336
430,459,386
389,390,401
926,1150,927
451,459,410
407,863,592
627,451,451
627,452,474
450,575,515
407,441,451
380,286,399
513,526,450
405,433,407
405,433,394
295,233,315
405,394,348
590,1286,719
769,864,789
769,864,826
560,886,520
435,397,408
479,352,374
479,352,355
269,304,336
442,431,425
625,603,504
357,447,440
390,348,364
357,314,353
312,277,307
948,1078,754
380,325,479
380,325,419
393,304,332
370,249,373
264,247,325
926,1155,638
455,438,422
635,1944,970
550,652,588
550,651,624
583,1693,914
616,542,541
616,542,600
599,477,503
490,520,480
365,480,441
364,303,337
675,703,538
750,849,616
740,615,630
575,553,531
529,424,400
533,756,744
530,424,342
667,617,549
487,525,437
520,517,453
434,436,469
434,436,456
335,327,349
335,327,379
298,288,343
630,606,785
455,439,427
639,592,595
610,553,544
594,554,546
775,1025,642
665,614,674
473,373,460
330,309,373
310,251,334
423,379,364
395,447,421
592,554,570
559,635,527
800,1145,699
515,401,439
467,522,499
465,512,477
393,318,381
551,498,469
463,480,491
410,299,335
624,572,547
381,362,425
680,542,608
609,482,517
505,507,468
455,438,419
675,808,808
645,749,631
295,266,331
1300,1145,697
609,482,506
410,392,373
395,293,343
740,878,808
740,878,847
649,621,614
599,543,597
585,557,579
340,248,326
570,449,564
600,529,491
600,529,515
516,498,489
251,238,341
290,335,352
447,495,490
447,495,472
405,311,381
654,598,630
380,282,376
557,732,667
400,660,495
400,660,485
518,614,528
581,445,571
485,448,498
348,339,351
1080,938,884
715,502,525
485,469,461
465,398,431
635,568,624
495,660,548
390,821,577
533,399,430
510,809,600
469,334,341
184,228,307
715,924,773
650,708,577
635,502,512
599,502,521
582,569,490
533,399,462
355,450,467
597,682,515
467,520,468
184,228,311
469,334,336
522,472,653
349,313,374
589,545,543
565,948,897
480,509,492
575,491,475
265,311,380
220,367,437
502,359,453
240,229,320
433,377,396
447,469,430
398,402,367
699,651,685
539,569,519
333,449,455
575,1018,644
375,341,346
700,505,515
425,397,414
333,448,390
293,245,327
702,561,559
664,817,763
391,498,405
363,329,376
450,464,474
320,251,311
350,360,345
527,835,607
325,399,398
385,367,391
635,623,702
560,514,468
649,695,803
649,695,547
305,243,308
293,245,332
660,824,644
390,404,425
343,601,540
470,485,426
735,926,765
610,590,485
444,344,421
560,474,441
340,293,376
400,272,348
840,1258,678
529,529,533
400,272,326
480,460,429
368,368,364
442,480,500
630,806,617
410,409,409
359,295,360
359,296,328
350,1096,623
535,698,515
350,751,530
626,616,558
626,608,521
551,499,498
475,444,476
438,497,415
565,542,589
560,543,487
552,500,485
580,1411,790
479,362,420
286,243,269
336,271,333
759,1197,688
740,943,717
310,245,373
360,471,384
860,750,738
604,532,571
395,398,436
570,765,601
625,446,555
525,498,490
485,520,530
225,242,304
505,510,507
855,1105,685
890,1236,761
350,344,370
550,643,630
550,643,564
365,231,354
649,810,688
680,1188,789
510,463,493
325,317,352
549,531,562
513,468,493
325,317,355
506,491,483
420,369,356
335,348,352
93,1936,885
650,580,582
510,378,428
569,439,497
452,355,392
448,343,424
475,554,516
535,446,491
535,446,438
569,440,422
327,308,361
475,554,520
433,474,485
376,389,391
500,477,497
555,569,602
470,486,536
490,494,504
329,297,360
622,577,573
455,486,526
480,289,375
999,757,694
285,225,337
450,1132,651
612,577,595
569,486,538
425,382,466
391,311,461
875,1428,784
437,456,445
815,1107,1233
650,562,523
255,228,328
507,561,504
420,315,315
420,966,636
549,493,521
420,520,472
517,555,574
517,555,553
485,860,631
379,250,328
425,439,385
360,315,346
800,677,535
445,381,396
402,331,375
335,267,315
280,1026,698
280,280,290
455,393,374
445,381,349
439,447,405
625,593,628
345,298,336
335,352,331
480,619,553
801,991,668
485,578,531
335,285,322
1475,1242,1100
518,448,535
672,1174,732
100,771,593
385,355,357
550,955,588
400,1619,808
569,550,508
525,1093,564
315,287,326
645,731,648
645,732,539
825,813,712
588,509,420
500,441,507
725,1052,1357
599,1285,659
670,732,702
511,594,497
679,1047,633
604,621,478
475,573,581
445,390,385
510,485,520
728,697,719
241,250,268
365,313,327
389,328,350
380,325,405
380,325,351
680,1373,920
455,363,413
425,406,455
425,406,412
619,818,652
619,816,598
540,462,537
500,453,472
480,465,448
411,376,392
475,418,470
544,528,579
599,429,496
535,695,587
529,421,507
692,602,612
547,440,497
395,378,430
897,1427,665
756,836,801
473,401,451
313,334,340
479,531,586
458,448,537
439,329,392
315,247,338
319,269,376
1125,1109,1090
575,441,513
575,442,528
479,533,535
460,543,455
367,386,435
519,547,517
485,482,498
150,235,296
702,564,624
460,487,484
485,458,511
425,414,451
355,312,352
309,238,371
702,565,549
850,1135,683
410,346,345
449,413,518
420,389,484
435,446,385
580,996,614
459,381,439
462,300,435
423,378,326
361,314,349
535,461,577
719,821,672
412,424,504
355,297,353
380,391,347
235,312,431
460,368,380
625,830,620
860,1131,658
347,323,370
423,511,497
620,567,612
480,543,526
595,507,547
340,322,350
599,506,553
875,929,504
615,560,664
535,586,582
715,507,558
470,415,498
609,535,515
1210,1225,862
950,2309,882
735,932,745
715,507,573
560,560,621
422,364,440
434,404,410
332,273,316
429,404,346
385,402,432
359,347,360
781,623,640
392,430,482
735,932,746
781,4072,2448
385,346,311
434,462,562
655,525,574
655,1119,665
1467,917,799
553,688,690
417,554,389
400,352,485
617,603,569
520,542,602
412,418,407
930,1369,713
549,924,765
599,660,553
599,658,554
389,451,453
390,352,346
403,344,460
270,221,301
490,1568,685
430,657,581
430,656,600
500,465,514
490,572,542
410,549,495
1060,714,747
602,544,488
495,558,532
275,241,352
495,554,362
630,891,671
810,1242,619
540,624,610
485,657,593
485,655,584
405,506,484
639,636,651
468,821,593
545,439,377
887,686,747
509,699,695
615,492,555
459,415,436
635,987,600
390,532,514
421,465,522
650,988,619
375,411,391
375,411,436
1000,810,533
469,695,546
631,868,647
631,866,635
660,562,608
360,303,323
460,396,323
460,397,404
460,519,522
729,518,613
482,525,616
482,523,526
307,217,377
695,842,586
324,291,460
699,786,696
665,696,558
575,717,665
575,715,536
495,588,604
690,844,556
520,800,524
503,392,396
635,611,561
513,503,493
455,517,463
431,362,413
380,272,401
490,759,620
520,654,625
340,470,442
213,247,280
213,252,301
448,349,360
635,1020,647
1040,1457,713
340,387,401
739,630,688
508,473,551
400,305,362
379,257,276
515,458,534
735,563,654
899,817,735
611,699,692
540,731,637
595,496,481
525,616,561
899,815,761
875,815,694
869,815,705
425,433,490
959,927,987
625,861,602
540,531,579
374,373,420
316,233,355
488,619,600
785,645,735
785,645,732
530,592,578
342,307,336
420,306,317
371,289,347
649,752,696
619,478,569
465,432,506
465,432,504
418,432,492
418,432,434
488,613,546
418,1033,652
262,263,322
528,466,406
450,362,360
450,425,467
579,668,581
937,815,925
300,364,348
527,781,627
350,942,632
427,359,449
699,553,858
385,371,365
425,369,363
339,502,516
860,974,605
307,229,376
542,714,604
405,382,383
395,403,417
955,830,903
637,736,725
464,672,467
869,820,719
565,574,636
565,575,530
600,487,486
580,503,586
540,464,564
626,734,585
1080,1391,706
715,801,748
667,483,597
500,477,547
295,466,471
875,880,781
535,752,725
677,573,650
519,490,475
395,325,411
382,362,381
470,381,414
401,356,418
526,424,466
575,567,542
407,332,380
407,308,322
485,513,547
578,519,498
649,491,604
820,1012,673
389,319,514
720,574,624
550,476,586
462,437,463
440,416,384
699,585,682
729,629,695
634,497,593
490,448,445
315,222,267
275,288,332
100,279,282
245,444,357
560,471,503
470,448,410
200,401,399
500,503,390
1269,1092,823
685,704,834
645,474,422
543,441,464
1375,1292,801
540,812,663
450,413,462
440,399,446
355,241,272
430,400,636
480,432,541
480,432,540
385,324,390
385,324,363
568,484,496
515,495,452
389,283,334
389,282,306
385,301,371
629,809,615
409,322,349
420,333,426
353,299,381
560,1502,736
560,913,800
615,565,494
519,631,535
519,631,525
360,249,297
467,542,664
467,538,627
568,610,607
434,396,383
519,393,436
518,393,439
650,743,598
475,292,435
645,796,735
525,449,481
370,304,337
1550,1421,857
1550,1421,899
635,518,483
640,456,640
515,507,504
340,550,553
470,371,400
470,372,392
399,335,432
749,728,790
500,362,448
610,1104,773
610,603,483
530,447,410
435,404,451
435,382,312
425,409,475
575,734,655
550,602,588
785,561,578
629,483,514
967,1094,813
329,236,367
1020,1272,789
370,341,474
360,350,341
360,350,387
340,286,374
729,1242,903
691,876,726
691,876,674
545,668,719
355,284,372
775,654,744
590,561,474
450,363,303
353,288,332
353,288,359
860,1251,879
449,354,475
755,707,654
622,628,576
484,426,461
622,628,570
430,438,410
412,352,403
359,303,370
640,446,510
619,544,561
584,547,594
328,238,329
360,503,471
525,443,469
475,468,438
176,476,478
560,1065,669
392,501,474
560,517,561
479,468,419
526,678,676
665,568,462
526,678,620
821,863,715
709,623,631
699,623,606
592,749,541
415,335,337
370,287,367
330,377,356
512,373,322
364,286,418
690,954,969
557,421,510
490,318,440
349,305,366
562,423,426
950,1215,972
310,298,390
600,720,659
450,727,709
555,365,403
630,499,546
638,831,703
489,392,432
628,515,615
1109,800,795
385,289,371
580,588,519
540,481,537
638,837,669
810,904,905
810,904,877
605,723,657
595,556,562
440,582,493
462,417,455
660,1175,929
373,286,326
662,655,561
261,518,471
540,705,557
261,225,331
494,478,448
630,1168,917
625,555,554
340,248,360
455,364,393
530,468,467
700,875,726
504,508,457
326,246,342
340,232,351
850,906,855
850,906,872
400,938,664
900,1159,871
562,560,496
540,569,556
509,523,479
504,533,583
340,250,351
503,486,441
321,319,386
509,524,581
370,232,364
1050,787,678
985,732,683
800,768,767
799,605,546
755,770,693
453,456,405
453,456,453
310,230,290
388,689,506
1000,1824,1285
353,391,329
375,384,477
729,744,562
770,750,742
355,360,366
506,575,479
460,515,564
594,668,663
469,450,473
330,317,356
326,246,363
460,378,380
379,318,388
579,508,433
764,1185,784
735,697,750
300,232,358
826,798,690
790,754,789
845,856,753
349,278,414
415,548,435
379,271,382
384,384,426
375,277,364
395,885,551
1600,1357,1212
493,311,507
605,812,633
575,619,539
1075,1384,966
884,1259,952
739,914,644
739,914,652
550,473,443
475,463,517
410,339,429
630,676,656
755,640,683
394,381,406
318,242,317
500,462,568
369,392,391
482,572,596
482,572,563
456,321,439
552,408,496
268,246,358
669,596,593
660,504,538
459,460,428
459,460,393
840,736,679
550,430,480
1800,1844,1364
1400,1406,1134
530,578,659
530,578,513
559,602,477
409,383,384
1400,1406,989
685,799,828
555,395,450
935,860,657
428,387,413
325,309,351
324,310,373
869,966,963
560,714,534
320,256,367
869,964,717
705,604,628
560,600,527
525,494,469
512,376,451
512,376,393
430,372,496
430,372,355
450,370,383
407,357,365
617,636,586
772,1122,930
449,633,503
684,592,561
425,744,525
297,277,363
474,466,509
677,740,667
260,368,445
635,607,537
710,517,447
245,532,467
245,531,455
440,455,442
420,433,428
850,622,639
599,436,523
390,400,407
590,1445,1216
533,625,467
501,462,505
501,462,481
590,601,530
530,503,493
458,415,439
458,412,428
315,259,385
520,494,487
520,495,477
550,634,497
480,802,622
550,1446,1082
322,250,344
399,288,352
321,324,371
649,601,462
1400,1512,1356
540,866,853
365,438,394
310,294,387
439,434,483
600,1283,943
1004,1624,1138
635,832,537
450,519,437
305,286,385
500,535,483
375,371,363
572,829,645
365,408,485
685,631,535
623,648,477
405,443,475
450,470,430
485,465,478
410,297,429
369,401,428
421,350,362
700,839,634
564,842,661
615,490,529
365,303,380
400,355,393
459,532,502
492,515,497
492,405,400
372,296,450
372,297,419
670,696,613
670,696,618
784,925,667
735,603,645
640,528,571
1200,818,804
405,288,413
516,453,436
2000,1488,1665
655,524,601
649,462,604
635,502,491
511,396,520
480,483,477
399,380,423
545,535,659
436,404,424
357,294,382
545,480,504
875,652,590
460,621,467
336,281,361
465,457,483
360,290,364
579,459,605
460,581,455
669,678,704
690,602,640
489,375,393
369,334,417
650,754,715
529,391,495
459,288,372
364,282,354
489,376,416
550,617,571
525,597,488
680,588,594
680,588,601
1150,1036,869
426,416,562
389,397,393
362,284,383
675,534,654
562,640,529
519,398,527
470,493,477
568,696,610
554,665,571
410,299,389
394,295,379
485,390,385
479,383,384
400,369,421
399,307,402
382,341,429
475,412,392
575,805,626
456,495,413
425,342,479
400,288,376
825,971,657
980,748,807
882,762,725
840,782,843
765,701,727
749,764,737
567,577,551
435,446,481
715,951,627
480,415,446
389,379,503
528,492,467
485,392,400
399,308,363
375,429,465
825,973,633
829,601,520
575,513,541
975,1617,1291
1185,1968,1252
520,599,554
580,974,635
665,541,505
467,593,519
467,593,523
646,802,663
335,272,341
1500,1267,1097
429,750,572
919,713,830
900,942,894
465,427,440
331,289,362
884,802,708
472,479,448
540,1047,699
629,494,601
524,523,494
310,282,376
489,668,554
685,841,588
450,457,485
470,446,465
335,316,391
550,549,585
446,579,555
461,285,395
446,402,433
446,402,409
417,428,418
1075,1138,961
765,1473,749
510,1137,662
610,564,477
323,268,361
610,780,572
361,322,383
1210,1058,1358
555,656,516
925,748,836
850,750,814
520,554,583
650,1392,735
415,644,518
595,550,530
675,948,855
675,946,853
1350,980,997
510,499,542
510,499,502
650,1207,792
439,662,566
599,656,576
395,467,424
479,698,486
390,299,381
937,590,635
521,512,559
410,392,382
440,554,513
474,439,487
385,270,349
398,320,383
465,385,413
308,336,376
335,299,368
504,486,478
505,413,444
429,367,416
1090,1083,774
560,523,584
560,523,543
466,404,473
565,711,553
565,711,561
565,529,467
544,507,542
300,265,361
420,665,522
480,582,486
290,339,381
285,265,355
720,527,508
634,505,630
619,699,591
290,339,398
535,427,446
535,427,409
475,458,438
415,363,388
480,510,432
411,400,398
880,855,861
530,531,587
410,364,429
385,369,431
333,376,404
462,419,398
455,650,568
208,336,433
639,628,513
427,348,388
307,284,345
413,326,397
726,1089,801
1300,950,961
1300,950,964
391,349,403
850,892,824
1040,1300,979
222,361,414
284,248,322
622,783,620
445,435,436
445,335,392
440,281,420
330,247,369
585,690,569
373,375,474
607,477,437
1110,1553,1308
165,718,609
165,717,587
1250,1367,743
325,860,599
340,262,354
30,715,649
463,453,405
390,313,359
560,703,622
769,1036,1021
535,571,509
580,1111,716
580,1111,714
665,1386,807
1055,1753,1236
660,722,635
205,245,340
722,735,606
869,777,911
715,1057,662
586,522,565
390,286,364
999,824,772
980,790,744
629,441,532
586,523,522
719,616,540
719,606,582
695,617,607
600,440,482
599,440,497
579,450,514
378,389,379
490,583,546
494,699,620
509,451,476
389,384,380
435,330,416
749,660,659
382,329,427
382,329,353
426,419,446
625,582,683
750,639,571
470,453,432
315,301,401
423,381,375
610,735,627
612,1021,766
675,596,665
675,596,663
610,594,538
506,1037,709
439,666,547
260,321,356
609,419,472
559,452,537
425,780,593
625,567,588
799,1182,1026
1289,1682,830
650,498,583
543,553,651
191,419,410
785,780,903
350,333,313
1350,1195,839
449,570,519
442,366,382
700,680,707
700,682,697
455,483,507
760,566,636
435,1195,795
500,471,476
1010,1430,837
445,380,439
569,487,506
647,621,557
525,912,643
435,679,618
510,546,527
555,533,477
325,266,367
759,997,723
815,1631,923
599,407,498
990,1281,799
179,504,506
599,532,534
348,315,352
850,774,668
288,456,450
657,590,661
657,590,676
612,618,613
1085,901,1045
845,756,815
720,751,741
508,487,453
367,378,391
367,378,379
395,446,468
699,770,597
480,406,459
440,425,418
345,260,357
599,640,531
300,242,379
345,1005,756
545,811,584
800,1038,686
469,523,517
800,758,624
415,436,466
415,436,439
340,249,339
198,343,376
399,398,413
937,1655,950
800,756,670
725,726,633
501,465,421
950,1897,1266
1000,1562,935
670,936,739
312,264,357
875,702,616
1200,1123,1132
430,385,452
350,257,316
438,500,495
430,386,415
726,1434,805
710,677,732
359,300,381
660,535,637
575,511,514
384,446,436
539,505,490
611,1162,701
539,1183,692
380,249,318
700,820,579
677,539,550
466,486,442
867,1009,688
545,497,487
550,1601,934
546,554,637
792,612,648
550,674,561
690,704,709
699,571,498
690,704,568
779,639,833
505,445,483
510,367,403
469,408,474
430,437,471
625,944,635
370,246,354
640,535,657
589,533,532
941,924,1069
508,546,478
502,569,513
629,601,704
449,410,455
265,298,354
585,415,479
650,1019,663
829,775,851
350,341,404
406,321,381
599,893,592
284,448,435
599,826,691
353,422,375
489,487,497
491,482,401
610,680,525
350,288,383
690,1101,672
529,490,469
418,335,359
506,724,565
568,607,627
650,946,547
825,876,580
740,536,627
284,287,363
399,400,448
399,400,432
284,288,365
499,538,608
700,932,628
364,325,389
699,556,683
325,233,347
685,522,658
530,562,576
685,556,678
668,789,1001
1035,799,1008
605,434,573
385,399,418
385,399,440
645,584,657
365,314,386
374,250,326
884,917,979
530,663,483
825,1048,924
575,477,480
294,296,381
660,940,748
409,302,297
700,565,669
769,608,835
508,464,461
615,453,451
769,618,524
433,325,366
430,554,492
272,426,364
520,501,494
737,569,673
433,806,603
545,583,498
399,493,525
395,417,328
425,335,419
489,524,397
640,492,573
550,1240,794
330,358,357
1199,1732,1043
1375,1778,1069
480,1515,1005
480,335,394
589,407,524
475,610,557
381,305,448
540,949,671
392,279,379
510,1432,886
510,465,514
340,276,300
420,669,473
385,304,362
860,627,579
491,483,492
340,440,408
480,336,331
465,426,425
485,565,571
345,424,529
349,275,329
195,567,478
319,298,382
814,601,549
560,549,529
739,554,665
1250,2798,2024
625,461,522
505,656,558
504,516,524
590,520,560
572,462,507
572,462,516
395,307,397
560,1035,579
1370,1680,1002
420,868,523
500,549,581
765,594,560
715,573,637
395,1441,762
577,650,761
482,443,441
315,274,383
517,396,378
632,547,648
504,587,560
352,249,299
950,1189,538
450,480,542
441,357,361
409,279,405
840,814,892
444,396,447
444,396,480
409,280,342
388,376,242
845,1213,709
575,687,627
449,493,491
460,351,423
460,351,442
355,328,377
557,725,612
545,732,585
329,377,338
662,594,527
662,594,490
405,342,374
295,1033,652
590,664,496
839,653,759
455,651,522
1015,1761,1024
433,560,518
576,788,596
800,1369,745
465,543,507
492,387,463
638,784,734
325,246,390
530,535,528
635,486,645
375,432,378
360,673,565
360,671,518
710,963,632
255,732,705
558,553,543
419,341,389
990,929,896
540,475,579
1075,1385,637
518,405,476
640,882,713
690,673,607
499,548,501
714,636,695
330,231,348
490,335,374
351,468,423
580,607,583
474,372,489
580,555,547
820,874,562
810,1054,677
980,1614,1044
615,785,682
415,511,543
759,604,755
449,417,478
500,405,457
500,405,470
355,251,372
800,826,640
362,310,540
578,956,562
559,523,652
725,468,550
1500,1180,1005
910,682,752
589,399,487
362,316,406
370,281,385
589,506,483
585,441,490
705,671,872
705,671,640
935,916,846
725,845,692
725,845,635
354,269,353
330,277,352
863,648,746
254,332,462
979,982,969
530,472,504
530,441,495
530,442,470
510,500,516
412,380,361
297,207,305
979,997,973
510,583,477
465,406,274
725,767,940
544,838,655
1175,944,1098
1175,946,1098
849,889,907
845,605,624
725,767,598
710,523,440
430,329,393
480,385,398
844,652,765
1350,1200,896
530,525,543
575,419,527
725,1069,676
200,412,376
685,644,550
616,674,608
390,426,488
430,285,422
860,1773,1059
460,517,434
535,452,437
525,480,510
520,443,453
697,537,688
760,1123,767
700,905,569
1050,1686,1166
375,289,403
382,494,458
493,477,505
691,650,518
329,237,373
567,489,504
1100,897,1003
819,703,791
650,943,673
807,701,616
740,457,567
425,281,413
425,282,385
395,439,537
252,242,368
675,722,604
457,430,497
196,340,357
830,1570,864
600,702,672
745,1238,475
480,384,422
414,321,413
318,316,404
670,808,555
640,860,639
457,419,450
969,984,967
764,632,760
318,316,426
327,340,365
780,601,662
425,320,408
487,400,460
526,355,500
370,283,381
449,428,440
340,469,443
660,650,623
523,466,496
175,249,378
675,566,589
577,473,456
340,325,412
183,1506,810
527,508,517
565,480,470
527,1027,682
500,362,385
425,440,437
850,973,729
1150,1034,1217
1130,887,981
792,669,790
675,505,682
608,538,535
575,609,588
560,537,545
399,382,463
416,401,408
577,476,459
430,470,516
960,1001,1015
680,685,594
555,519,521
508,470,498
500,484,493
500,484,502
416,309,412
310,246,349
300,446,390
522,540,486
495,461,445
900,849,977
879,823,969
840,851,997
825,829,915
820,619,491
380,263,398
650,548,676
419,445,501
829,855,955
1400,955,985
400,1001,735
585,959,656
635,551,530
496,523,574
375,390,386
375,390,381
759,517,605
400,331,408
709,623,685
559,454,508
1350,1705,894
728,908,903
860,731,750
550,945,608
490,671,605
669,590,550
685,840,483
384,300,400
603,597,562
440,369,420
440,369,348
603,671,689
812,734,760
505,450,438
405,297,426
715,572,561
575,456,502
450,438,410
1087,1420,808
518,474,508
518,473,528
839,782,788
412,305,401
412,306,379
385,353,416
667,619,559
1228,931,928
840,746,647
940,769,926
649,517,614
710,689,659
491,580,543
584,628,579
445,351,415
650,548,539
491,581,570
610,577,534
675,916,561
550,638,504
427,364,431
1260,1035,1008
692,636,693
564,546,547
407,393,480
321,331,379
600,719,635
645,459,502
585,474,590
525,374,474
711,499,617
325,326,409
470,382,394
427,321,382
799,653,738
415,430,420
669,709,577
410,333,425
650,611,561
1210,1518,1495
1100,1643,767
1300,985,950
837,933,930
459,432,467
483,553,498
545,717,607
450,477,510
650,599,568
348,448,457
470,393,408
1300,972,984
479,407,437
879,865,964
603,668,519
373,413,438
730,707,629
899,863,955
880,893,961
845,819,886
546,465,528
880,944,908
880,944,920
525,735,640
550,581,528
999,728,806
929,729,798
744,580,701
560,413,535
869,820,907
692,743,600
1445,1095,1145
850,880,831
929,900,983
814,897,966
625,553,549
585,481,526
530,431,497
705,936,636
753,1090,724
508,452,456
425,426,434
715,811,889
829,1022,732
545,444,536
380,312,387
430,325,376
815,640,743
809,623,739
779,624,705
1087,1038,887
1087,1040,863
350,298,410
495,482,475
908,1354,780
1300,1254,633
1300,1411,794
629,786,679
903,699,795
829,623,741
819,643,739
460,494,470
365,306,349
1000,982,1138
685,488,612
489,654,595
442,364,359
452,440,451
410,378,392
525,927,700
432,430,420
476,404,452
1055,922,1060
920,980,1114
750,592,687
595,657,604
480,423,521
954,1130,1133
1650,1144,900
485,473,451
730,1365,807
475,544,575
649,631,579
389,313,371
400,455,427
620,681,669
490,616,575
430,523,452
430,523,478
595,584,572
604,544,529
470,468,511
1625,1610,973
949,746,874
345,268,364
475,485,578
560,575,577
559,529,539
485,587,572
544,503,532
415,294,361
375,288,380
920,780,890
520,459,449
498,420,426
500,441,487
342,304,358
850,1545,917
613,501,538
740,835,875
416,427,425
402,350,393
473,353,353
415,322,415
696,896,747
757,590,698
310,299,351
695,584,627
889,710,806
407,508,473
563,399,500
323,295,340
379,300,1704
536,629,630
530,500,459
580,454,538
1650,1486,1429
854,907,845
682,689,695
710,588,609
517,733,626
980,964,1069
426,354,371
415,335,381
310,285,375
411,394,393
1299,1314,1232
909,978,1009
600,560,517
319,308,374
660,525,783
430,627,600
715,633,546
343,325,395
705,918,663
495,1033,872
799,718,646
600,639,612
685,633,594
540,422,423
435,401,373
950,1214,869
625,599,595
699,884,677
740,646,940
555,476,462
539,451,450
1200,1863,1493
347,330,357
430,498,508
580,490,563
375,337,344
422,371,399
670,768,877
380,286,332
840,917,801
