608,574,568
575,651,602
807,754,690
616,730,649
567,525,609
577,507,548
560,575,563
764,684,746
280,263,262
780,652,777
329,259,293
425,349,414
414,350,359
685,708,632
449,463,413
527,554,614
480,418,443
457,460,468
375,316,383
370,308,345
395,476,391
416,435,409
390,469,389
369,376,398
405,315,350
839,844,773
680,751,650
799,683,732
555,570,533
500,531,536
508,516,501
493,571,554
667,663,665
649,551,613
380,287,363
412,330,404
430,521,433
310,271,323
522,596,506
419,488,458
495,507,482
820,679,608
495,683,618
759,567,709
425,492,402
595,675,525
407,420,389
650,645,643
565,559,570
543,752,587
550,604,597
483,577,480
348,467,381
692,764,368
365,311,337
302,256,313
479,424,436
442,371,432
380,321,372
312,305,330
430,335,368
685,501,625
373,433,384
459,455,492
760,844,730
536,650,549
319,316,314
490,638,523
595,605,594
799,734,731
476,420,491
539,482,517
920,809,839
485,611,526
715,649,622
430,644,507
361,267,327
415,305,363
475,504,506
345,279,320
854,939,806
430,546,426
735,599,708
555,492,522
498,437,442
695,608,637
415,337,371
465,557,548
343,337,339
600,665,634
473,370,416
415,349,413
705,503,543
604,576,615
455,387,448
640,657,648
650,584,645
318,271,335
632,874,675
600,632,608
595,633,623
535,599,573
545,446,509
480,670,532
650,668,641
740,682,755
422,390,456
420,388,443
471,470,453
415,484,413
399,329,375
376,384,366
480,452,477
480,593,531
445,398,409
580,517,561
480,569,499
639,585,579
610,847,670
494,698,689
545,651,589
520,523,535
440,487,453
494,534,445
495,556,522
762,687,731
545,452,522
455,389,413
485,500,464
430,486,459
395,319,345
430,523,483
580,643,626
525,638,578
515,465,499
509,556,509
780,720,759
435,375,417
595,739,643
599,652,550
356,273,335
635,523,675
540,455,503
817,723,704
428,470,466
630,893,566
532,805,622
319,299,330
415,378,428
311,268,308
325,284,351
622,685,708
462,406,443
279,233,312
275,304,285
340,327,342
465,447,406
642,604,654
849,1060,920
810,674,657
590,751,628
615,730,654
845,1026,861
560,657,595
390,281,342
540,582,640
500,483,496
685,785,673
742,635,720
419,424,472
460,557,551
377,494,407
559,588,531
368,497,408
