390,361,373
430,397,410
615,552,660
540,630,527
421,469,517
490,575,507
639,633,621
374,377,361
213,247,285
490,428,484
395,391,453
405,373,432
568,599,539
425,386,443
494,441,486
349,294,300
310,293,276
665,565,505
590,578,652
525,484,476
474,468,482
430,374,365
379,330,343
729,779,668
369,405,430
394,391,361
869,985,738
355,370,320
550,612,569
685,637,658
389,395,315
590,609,622
492,520,502
436,402,418
365,414,430
533,629,583
554,651,595
623,643,609
310,291,303
516,448,497
390,400,375
520,581,572
429,358,389
446,395,402
470,441,432
474,436,494
599,652,633
825,938,703
415,402,434
585,671,579
378,379,366
385,359,425
490,570,468
699,753,740
508,471,463
260,309,287
500,450,517
423,364,389
395,434,449
508,528,483
546,538,600
545,573,621
351,300,360
530,559,560
645,579,565
508,461,481
399,403,454
330,358,299
385,400,376
405,340,371
491,495,524
388,384,339
575,699,621
345,429,393
355,324,355
315,273,287
504,586,468
485,568,575
482,439,453
444,394,457
449,493,424
329,375,334
377,376,364
690,676,638
714,638,618
465,467,508
530,536,555
558,559,653
499,552,481
375,431,361
589,497,532
849,874,769
725,753,600
510,488,483
465,399,440
362,314,350
415,515,444
449,418,411
530,514,498
725,836,699
580,555,585
330,302,349
510,576,524
530,474,511
530,465,531
559,524,596
412,375,441
460,511,457
399,370,356
608,523,591
575,594,574
807,688,666
616,669,608
567,481,541
560,527,524
280,242,268
685,644,632
449,422,409
527,505,593
457,420,478
395,434,379
416,397,403
390,428,409
369,343,405
839,755,724
680,683,612
555,518,501
500,484,554
508,470,514
493,522,545
667,606,654
430,473,423
522,539,504
419,443,457
495,459,469
425,446,409
595,612,527
407,385,359
650,593,642
565,514,553
550,559,594
483,534,461
348,433,361
692,707,400
312,280,332
373,395,367
459,416,490
760,773,733
536,591,544
319,287,301
490,583,507
595,551,598
799,671,717
485,557,528
475,456,450
854,850,833
430,495,442
465,499,565
343,303,346
600,598,583
604,514,591
640,587,587
632,771,669
600,558,557
595,559,616
535,530,576
480,592,509
650,590,656
471,415,449
415,429,379
376,339,366
480,401,498
480,528,518
480,505,492
610,751,621
545,579,558
520,466,502
440,435,436
494,477,403
495,497,525
485,446,478
430,434,443
430,466,499
580,574,590
525,570,536
509,496,520
595,658,639
599,580,529
428,416,436
622,604,691
275,268,294
340,288,331
465,396,386
642,537,604
849,961,898
590,678,604
615,659,679
845,926,824
560,594,566
540,523,537
500,435,474
685,710,613
419,383,466
460,504,568
377,446,403
559,531,518
368,451,423
