12.224471830985916
8.64788990825688
4.265904365904366
22.810250569476082
5.287007299270073
4.717396449704142
4.100430107526882
13.304889975550122
1.0471264367816093
9.17773654916512
2.7775768535262206
5.42029520295203
5.009448818897638
13.22054217327684
22.06657142857143
37.43257142857143
19.251515151515154
5.257662337662337
11.444948453608248
0.22157480314960631
2.22183908045977
7.907301587301588
18.29423076923077
3.0714285714285716
7.449484536082475
26.52051282051282
9.542033898305084
13.596015936254979
0.5612345679012346
10.819662921348314
13.378260869565217
4.4401785714285715
2.5217073170731705
18.17625
6.552193995381063
6.1363076923076925
27.214102564102564
7.431360946745562
11.694171428571428
3.758556701030928
6.09795918367347
11.14313432835821
7.273972602739725
17.07015873015873
19.0766
12.171134020618556
44.39835051546392
10.365895953757226
6.39
15.903515151515151
23.81865407319953
10.356195965417868
8.504486029223276
1.01
12.523089430894311
4.04925925925926
32.23155397390273
13.364285714285714
17.29530516431925
9.136898395721925
52.74988290398126
1.3520408163265307
12.699746835443037
9.741234567901234
9.188908450704226
2.3183529411764705
2.8388663967611336
11.239828080229227
1.256451612903226
26.504661654135337
3.7059322033898305
8.79752380952381
5.10210970464135
13.286046511627909
10.227440633245383
9.851303155006859
17.958536585365852
4.551776649746193
18.163291139240506
2.2095774647887323
0.3130909090909091
6.684525547445255
4.624935732647815
1.3415254237288134
1.0728934010152285
4.448165137614679
15.05041095890411
14.608442776735458
7.747292418772562
6.378972712680578
7.660967741935484
6.920813165537271
1.0674358974358973
8.5475
8.2002331002331
9.213901345291479
0.4087234042553191
4.627848101265823
6.2818030050083475
15.033333333333335
13.802650602409638
2.358974358974359
1.2013227513227513
9.832207792207793
0.13816326530612244
0.05836909871244635
3.986023622047244
10.932692307692307
0.3172
7.819148936170213
9.644810126582279
1.289763779527559
4.197252747252747
10.216146788990825
4.322792022792023
3.2464150943396226
7.752558139534884
1.8978346456692914
8.720430107526882
0.6954545454545454
0.944935064935065
6.945925925925926
3.132993890020366
7.701030927835053
1.2590790616854908
12.823478260869564
3.258591549295774
7.93968253968254
2.291468253968254
17.356082474226806
3.6771784232365143
1.0894144144144144
2.055456570155902
1.2279635258358663
2.9602122015915118
5.105072463768115
10.719887955182072
9.998709677419356
1.0237735849056604
17.077956989247312
4.522244488977956
5.2728
10.64974533106961
12.751472320376914
16.39806896551724
2.103529411764706
4.595483870967742
1.1671270718232045
5.242168674698795
8.382182628062361
5.07
5.5297036526533425
2.9406896551724135
7.57
4.186666666666667
8.199056603773585
2.5026415094339622
2.857245080500894
6.8181818181818175
4.414565217391305
4.532581453634085
8.975
0.16034782608695652
18.44470602812713
0.6977272727272726
2.6428193832599116
3.5192857142857146
0.2714285714285714
7.731824817518248
2.857683741648107
17.332068311195446
3.8428884026258205
2.6559493670886076
3.370673076923077
0.5523076923076923
5.678832116788321
12.749106078665076
7.386470588235294
5.999639639639639
7.604800000000001
1.8387795275590553
9.964908722109534
2.683595505617977
4.87046511627907
4.051340996168582
7.352983293556085
3.472323232323232
6.0649411764705885
13.281680672268909
6.742997542997544
2.136307692307692
0.9564601769911505
5.390727272727273
1.9341614906832296
9.790500789209355
44.426589595375724
4.569920000000001
3.4761394101876677
4.41677559912854
5.6675
0.7397388059701493
3.733228840125392
5.628571428571429
0.09310924369747899
10.085356695869837
3.9208247422680413
0.1663157894736842
4.735128805620609
0.09720930232558139
18.65784946236559
1.4496
1.1778333333333333
2.5264900662251657
6.224843750000001
4.695094936708861
2.613166666666667
4.696470588235294
7.3108411214953275
8.0575
1.8221538461538462
3.860721868365181
4.233975903614458
2.1675962815405048
0.20666666666666667
10.047083333333333
1.9324999999999999
1.86973619531378
6.747706422018348
3.2671153846153844
3.768863636363636
18.231951466127402
4.587878787878788
0.8183505154639176
5.173023255813954
19.165348837209304
2.206896551724138
3.178285714285714
1.1216110019646366
7.19529411764706
12.622704507512521
0.8165694282380396
11.053215434083603
2.408
1.503235294117647
16.674193548387098
3.0450155763239874
6.184021649605835
1.886779661016949
7.6986190089358235
1.902130177514793
4.816964285714286
5.819444444444445
0.0114
7.535182481751825
12.481145584725537
19.415434782608695
6.212466843501327
7.778175313059034
14.541954202199053
