380
380
380
380
380
380
380
379
379
381
380
379
379
379
378
378
378
378
377
377
377
378
376
377
376
377
377
377
377
378
377
377
377
377
377
377
377
377
377
378
378
378
378
378
379
378
378
378
379
378
378
377
377
378
378
378
378
379
380
380
380
380
380
380
381
380
380
380
381
380
380
381
381
381
381
381
382
382
382
382
382
382
382
382
382
382
382
381
381
381
381
381
381
381
380
380
381
381
381
381
380
380
380
380
380
380
380
380
379
380
380
380
380
380
379
380
379
379
379
379
379
379
378
378
378
378
378
378
377
377
377
377
377
377
377
377
377
376
377
378
376
376
376
376
376
376
375
376
376
375
375
374
375
374
376
376
376
375
375
375
375
375
376
376
376
375
375
375
374
373
374
374
375
375
375
375
376
376
376
377
377
378
378
378
380
382
383
384
384
384
383
383
384
384
383
384
384
384
384
383
383
382
381
382
380
381
381
381
381
381
379
380
380
380
380
380
380
380
380
380
380
379
378
377
379
380
380
380
379
379
379
379
380
380
380
380
380
380
380
380
381
381
382
382
382
382
383
383
384
384
383
384
384
384
384
384
384
384
385
385
385
386
386
386
386
386
386
386
386
385
384
385
384
383
384
383
382
383
383
383
383
383
382
382
382
382
382
383
383
383
384
383
381
382
382
382
382
382
383
383
383
382
382
382
382
383
384
384
382
383
382
383
384
386
387
387
388
388
387
386
385
384
385
386
387
387
388
388
388
387
388
388
388
387
388
389
388
389
390
391
391
392
391
391
391
390
389
392
393
393
393
393
393
393
392
392
392
393
393
394
394
393
394
394
394
394
394
395
395
396
396
397
397
398
398
399
399
399
399
398
398
398
397
397
397
398
397
396
396
395
395
395
395
395
395
395
396
394
394
394
395
395
396
394
395
395
396
397
398
398
399
399
400
400
401
401
400
399
400
400
400
400
400
400
401
401
401
401
402
401
401
401
400
401
401
402
402
401
401
402
403
403
403
403
402
402
402
403
403
403
403
404
404
404
404
405
406
406
406
407
407
407
408
408
409
410
409
409
409
409
409
410
410
410
410
410
411
411
411
411
411
411
411
411
412
412
412
412
413
413
413
413
413
413
413
417
417
416
416
416
415
416
416
417
417
417
417
418
418
418
419
418
418
418
418
417
417
417
418
418
418
418
418
418
419
419
418
419
419
419
418
418
419
419
419
419
419
420
420
420
420
420
422
422
422
422
422
422
421
421
420
420
421
421
420
420
420
420
420
420
420
420
419
420
420
420
420
420
420
420
419
418
419
419
419
419
419
419
419
420
420
419
419
419
418
418
419
419
419
420
420
420
421
420
420
421
421
421
421
421
420
421
421
422
421
423
424
424
424
423
423
423
423
423
423
423
423
423
424
423
423
423
424
424
424
424
424
424
424
424
424
424
423
424
424
425
426
425
425
425
424
425
425
425
426
426
426
426
426
426
427
427
427
427
428
429
428
428
428
428
429
429
429
430
430
431
431
431
431
431
431
431
432
432
432
432
432
432
431
431
431
432
432
432
432
433
433
433
433
433
434
433
434
434
434
434
433
433
433
433
433
433
433
433
433
433
433
433
433
433
433
433
433
433
433
433
433
433
432
433
433
433
433
433
433
433
433
433
433
432
432
432
432
432
432
433
432
434
434
434
434
435
434
434
434
435
435
435
435
435
435
435
434
434
434
434
434
434
434
434
435
435
435
436
436
436
436
436
436
436
436
436
436
436
436
436
436
436
436
437
437
436
436
437
437
437
437
437
437
437
437
437
437
437
437
437
437
438
438
438
438
438
438
438
438
438
438
438
439
439
439
439
439
439
439
439
440
440
440
440
440
440
440
440
440
440
440
440
440
440
439
439
440
440
440
440
440
440
440
441
440
440
440
440
440
440
440
440
440
440
440
440
440
440
440
440
440
440
440
443
442
442
442
442
442
442
442
442
442
442
443
443
442
442
442
442
442
442
442
443
442
442
442
442
442
442
442
442
442
442
442
442
442
442
442
442
442
441
441
441
441
441
441
441
442
441
441
442
442
442
442
441
441
442
442
441
441
441
441
441
441
442
441
442
442
442
441
441
442
442
441
441
441
441
443
443
443
443
443
443
442
442
442
442
442
442
442
441
442
441
441
441
441
441
441
441
441
441
441
440
440
440
440
441
441
441
441
441
441
441
441
441
441
442
442
442
442
442
442
442
442
443
443
442
442
442
442
443
444
443
444
444
444
444
444
444
444
444
444
444
444
444
445
445
445
445
446
446
445
445
445
445
445
445
446
446
445
445
445
445
445
445
445
444
444
444
443
443
442
442
443
443
443
443
443
442
442
442
442
441
441
441
441
441
441
441
441
442
442
443
441
441
441
441
440
440
440
440
440
440
440
440
441
441
440
440
440
440
440
439
440
440
441
441
441
441
441
441
442
442
442
442
442
442
442
441
441
441
441
441
441
442
442
443
443
443
443
443
442
443
443
443
444
444
445
445
445
445
444
445
445
444
444
444
444
444
443
443
444
444
444
444
444
444
444
445
444
444
444
444
444
444
445
445
445
445
444
444
443
442
443
442
442
442
441
441
440
440
440
440
440
440
440
439
439
439
439
439
440
439
438
438
438
437
437
438
438
438
438
438
437
437
438
437
437
437
437
436
436
437
436
437
437
436
436
436
435
435
435
435
434
433
433
433
433
434
434
434
435
434
434
435
435
435
435
435
435
434
434
434
433
434
431
431
431
432
432
432
432
431
431
431
431
430
430
430
430
430
431
431
432
430
431
430
430
429
429
429
429
429
429
429
429
430
430
430
430
430
431
430
431
431
432
432
432
432
432
432
432
432
431
431
431
431
431
431
430
430
429
428
430
431
431
433
433
432
433
432
433
432
433
433
432
432
433
433
434
434
434
433
433
433
434
434
433
433
433
433
432
432
433
433
433
433
433
433
434
431
432
432
432
433
433
434
434
434
434
435
435
435
436
436
435
434
432
433
432
432
430
430
431
431
431
430
430
431
431
432
432
432
432
433
433
433
434
434
435
435
435
436
436
435
434
434
434
434
434
431
431
431
431
432
432
433
435
434
434
435
435
435
435
436
436
435
436
436
437
437
437
437
437
437
437
437
437
437
437
438
438
438
439
438
438
438
438
439
438
438
438
437
438
438
438
438
439
439
441
441
441
441
441
441
441
442
442
442
445
444
445
445
445
445
444
443
446
446
446
446
446
446
445
445
445
445
445
446
446
447
448
447
448
449
449
450
450
450
449
449
450
450
450
451
451
452
453
453
453
452
452
452
452
452
452
452
451
452
452
451
451
451
451
451
451
451
452
452
452
452
452
453
453
453
452
451
451
451
451
451
452
452
452
451
454
455
455
455
456
456
456
456
456
456
455
455
455
455
455
455
455
454
454
454
454
455
455
456
456
455
455
456
457
457
457
458
457
458
458
458
457
458
459
458
458
458
457
457
457
457
457
457
457
458
458
458
458
458
458
458
459
459
459
459
460
460
460
460
461
461
461
461
461
461
461
461
461
461
461
461
462
462
461
461
461
461
462
461
462
462
463
463
463
463
463
464
464
463
463
463
463
463
463
462
463
463
462
462
461
461
462
462
462
462
462
462
462
462
462
462
462
462
463
463
462
462
461
461
463
463
463
463
463
463
463
463
462
461
461
461
461
461
461
462
462
462
462
462
462
462
462
462
462
462
462
462
462
462
462
462
462
464
464
464
464
464
464
465
465
466
466
466
467
467
467
468
468
468
468
468
468
468
469
468
469
468
468
469
468
468
469
469
469
469
469
470
471
471
471
471
471
471
471
471
471
471
472
472
472
472
472
472
472
472
473
473
473
473
474
474
473
473
474
474
474
474
474
474
475
475
475
474
474
474
474
474
475
475
475
475
476
477
476
476
475
475
475
475
475
474
475
475
474
475
475
475
475
475
475
474
475
475
475
475
474
474
474
474
474
474
475
475
475
475
474
474
473
473
473
474
474
475
474
475
475
475
474
474
474
473
473
474
474
474
473
473
473
472
472
472
473
473
473
473
473
473
474
474
474
474
474
474
474
474
474
474
474
474
474
474
474
474
474
474
474
474
474
474
474
474
474
475
475
475
476
476
476
476
476
476
476
476
476
476
476
476
475
476
475
475
476
476
478
477
477
477
477
477
477
478
478
478
478
478
479
478
477
477
476
477
475
475
475
476
475
475
475
473
473
472
472
472
471
472
472
472
472
472
473
473
473
473
474
474
474
475
475
475
476
476
476
476
476
477
477
477
477
478
478
478
478
478
477
477
477
477
477
476
477
477
477
478
477
477
477
476
477
477
476
476
476
477
476
476
477
477
477
478
477
477
476
477
476
476
475
475
475
475
475
475
474
475
474
473
472
472
473
472
472
472
472
473
473
473
473
473
473
473
472
473
473
473
476
476
475
475
474
474
474
474
474
475
474
474
473
474
475
475
474
474
473
473
476
476
476
477
477
477
476
476
476
477
477
477
478
477
476
477
476
477
477
477
477
476
476
476
476
476
476
476
477
477
477
478
476
475
476
476
474
474
474
474
474
474
473
474
470
471
471
471
465
464
464
464
464
463
463
463
463
463
463
464
464
464
464
464
465
465
465
465
464
464
464
465
464
465
464
465
464
465
465
465
465
466
466
467
466
466
466
466
466
467
467
468
468
468
469
469
470
469
469
471
471
470
470
470
470
470
470
470
468
467
465
465
464
464
465
465
465
465
465
464
464
465
465
465
465
465
465
465
464
464
464
464
463
463
462
462
462
461
462
461
461
462
462
462
463
465
465
464
467
468
468
467
467
467
467
468
471
471
472
471
466
466
467
467
467
467
468
468
468
468
468
468
469
469
469
468
468
468
468
469
465
464
465
466
465
464
464
463
463
464
464
465
465
466
465
464
464
463
461
461
461
461
461
461
461
462
463
463
463
464
464
464
466
466
466
466
466
465
465
465
465
465
466
466
467
469
469
468
467
469
469
470
470
470
471
471
472
472
472
473
473
472
473
473
474
474
474
474
475
475
475
476
475
474
473
474
473
472
473
473
473
474
474
475
475
476
476
477
477
477
477
476
476
476
475
477
476
476
478
479
479
480
479
478
478
478
479
479
480
480
481
480
481
480
480
482
483
484
484
484
483
483
482
481
480
479
478
478
478
478
477
478
478
478
478
478
479
480
481
482
483
483
482
481
482
481
481
482
482
480
480
481
480
480
482
481
482
482
483
483
484
483
484
484
484
484
486
486
486
486
486
486
486
487
487
487
487
487
487
488
488
488
488
489
489
490
490
491
489
488
488
488
488
488
489
489
491
491
491
490
491
490
489
490
489
490
492
492
493
493
493
493
494
494
495
495
496
495
495
495
496
497
497
497
498
498
499
499
499
499
499
499
500
499
499
499
499
499
499
500
500
500
500
499
500
501
501
502
502
503
503
504
505
505
506
506
506
505
506
509
509
509
508
508
509
508
508
509
509
510
512
511
511
512
512
512
512
512
512
511
511
512
512
513
513
514
513
514
516
516
516
516
517
517
517
517
517
517
517
517
517
518
518
518
519
519
520
520
520
520
519
519
519
519
520
520
521
520
521
521
522
521
521
522
522
521
521
521
521
521
522
522
522
522
525
525
524
523
523
524
524
523
523
523
522
523
523
523
524
524
525
523
523
523
523
523
524
524
525
525
525
524
524
524
524
524
524
524
525
526
526
526
526
527
527
527
527
527
527
527
527
528
528
528
528
529
528
528
528
529
529
529
529
529
529
529
529
529
529
529
529
528
528
528
528
528
528
528
528
528
528
528
529
529
530
529
530
530
530
531
532
