590000,2,2,1314,0,2007,1,217
590000,2,2,1314,0,2008,0,217
565000,2,2,1218,0,2007,2,217
489000,2,2,1621,0,1910,2,217
480000,2,1.5,1058,0,1900,1,218
317000,2,1,978,0,1990,0,218
225000,1,1,536,1258,1890,0,219
281000,1,1,686,686,1920,0,219
562500,2,2,1407,0,2012,1,219
557500,2,2,1210,0,2007,2,219
421000,2,2,850,0,1900,0,219
378000,3,2,1418,0,1920,0,219
378000,3,2,1418,0,1920,0,219
305000,2,1,811,0,1900,0,219
389500,3,1,1271,0,1900,0,222
631000,2,2,1287,0,2012,0,223
328000,2,1.5,763,0,1890,0,223
200113,1,1,779,0,2006,0,223
498000,2,2.5,1232,1232,1890,0,224
424000,2,1.5,1180,1180,1880,0,224
367000,2,2,1165,1165,1910,0,224
612500,2,2,1287,0,2012,0,224
367000,2,2,1165,0,1910,0,224
422000,1,1,852,0,2003,2,224
635000,2,2.5,1272,0,1890,3,226
635000,2,2.5,1272,0,1890,0,226
880000,3,2.5,2100,0,1880,4,226
321500,2,2,1126,0,2012,0,226
600000,3,2,1581,0,2012,4,226
580000,3,2,1600,0,2012,4,226
335000,2,1.5,840,0,1900,0,226
335000,2,1.5,840,0,1900,0,226
399000,1,1,804,0,2007,2,226
365000,2,1,915,0,1990,1,226
435000,2,2.5,1203,1203,1900,0,229
587500,3,2,1581,0,2012,4,229
379000,3,2,1037,0,1900,0,229
319000,2,1.5,1048,0,1890,0,229
315000,1,1,681,681,1890,0,230
505000,2,2.5,1300,2099,1900,0,231
480000,2,2,1026,0,2002,3,231
590000,3,2,1600,0,2012,4,231
339000,2,1,910,878,1890,0,232
529000,2,2,1407,0,2012,1,232
270000,1,1,602,0,1920,0,232
382000,3,1.5,1222,1265,1930,0,233
625000,3,2.5,2052,1223,1890,0,233
575000,3,2,1600,0,2012,4,233
587500,3,2,1581,0,2012,4,236
375000,3,2.5,1340,0,1993,0,237
592000,2,2,1534,0,2011,2,237
269900,1,1,572,0,1920,0,237
250000,1,1,550,0,1890,0,237
395000,2,2,952,952,1890,0,238
590000,2,2,1625,1655,1900,2,239
460000,3,2,1250,1250,1920,2,239
510000,2,2.5,1147,1147,1890,0,239
280000,3,1,785,785,1890,0,239
839000,5,3.5,2322,0,1890,0,239
570000,3,2.5,1710,0,1880,1,239
545000,2,2,1149,0,1906,2,239
540000,2,2,1601,0,2012,1,239
540000,2,2,1467,0,2011,0,239
620000,3,2,1620,0,2012,4,239
305500,1,1,640,0,1890,0,239
305500,1,1,640,0,1890,0,239
418000,2,2,1148,9999,2011,1,240
565000,2,1.5,1439,1439,1890,0,240
414000,2,2,1352,1352,1994,0,240
440000,2,2,1236,1294,1899,2,240
650000,3,2.5,2250,1081,1890,0,240
298000,1,1,772,772,1905,0,240
800000,5,3,1890,0,1905,0,240
460000,2,2.5,1150,0,2008,0,240
427000,2,2,1283,0,1999,1,240
399000,2,2,1160,0,1905,0,240
490000,1,1,1102,0,2007,2,240
298000,1,1,655,0,1905,0,240
349000,2,1,861,0,1920,0,240
330000,2,1,686,0,1894,0,240
365750,3,1,918,0,1925,0,240
400000,2,2,888,888,1900,0,243
472000,2,2.5,1500,0,1890,0,243
472000,2,2.5,1500,0,1890,0,243
465000,2,2,1034,0,1890,0,243
600000,6,2,2360,0,1900,0,243
458500,2,1.5,1150,0,2006,2,243
347000,2,1.5,1282,0,2002,1,243
505000,3,3,1834,1834,1890,0,244
379000,2,1,948,948,1905,0,244
550000,3,2,1620,0,2012,4,244
550000,2,2,1317,0,2012,1,245
529000,2,2,1407,0,2012,2,245
235000,3,1.5,852,0,1895,0,245
415000,3,1,1282,0,1905,0,245
351500,2,1.5,1063,1063,1900,0,246
277500,1,1,666,666,1920,0,246
668500,3,2.5,2478,0,2004,2,246
655000,3,2.5,1732,0,2005,4,246
579000,3,2.5,1932,0,2012,2,246
549000,3,2.5,1780,0,2012,2,246
425000,2,2,1355,0,1900,0,246
399000,3,1,1188,1188,1905,0,247
579000,3,2.5,1932,0,2012,2,247
230000,1,1,510,510,1900,0,249
245000,1,1,590,0,1890,0,249
579000,6,2,2216,1650,1900,0,252
444000,3,2,1468,1468,1890,0,253
383000,2,2,930,930,2000,1,253
549000,3,2.5,1780,0,2012,2,253
359000,2,2,1130,0,1910,0,253
560000,3,2,1590,0,2012,4,253
220000,1,1,542,0,1890,1,253
779872,3,2,1988,500,2012,4,256
779872,3,2.5,1988,0,2012,0,256
436000,2,2,971,0,2007,2,256
614366,3,2,1581,0,2012,0,256
614365,3,2,1581,0,2012,4,256
600000,3,2,1600,0,2012,4,256
410000,3,2,1203,1203,2001,1,257
180000,2,1,596,0,1905,0,257
318500,1,1,650,650,1890,0,258
420000,2,1,1120,1120,1905,0,259
273000,2,1,759,643,1920,0,259
950000,2,2,2320,0,2007,2,259
318500,1,1,650,0,1890,0,259
369000,2,2,1023,1023,1890,0,260
509000,2,2,1529,0,1920,2,260
499900,3,1.5,1167,1167,1905,0,263
250000,1,1,698,0,1890,0,263
437800,2,2,1207,1207,2008,2,265
437800,2,2,1207,0,2008,0,265
565000,3,2,1590,0,2012,4,265
355000,2,1,900,0,1910,0,265
262000,1,1,582,582,1890,0,266
579000,2,2,1351,0,2012,4,266
396000,2,2,1314,0,1900,0,266
380000,2,2,925,0,1900,0,266
475000,1,1,1050,0,2007,2,266
399000,1,1,804,0,2007,2,266
319000,1,1,817,0,2012,0,266
985000,3,3,3005,0,2012,4,267
509000,2,2,1448,0,2012,1,267
497500,2,2,1400,0,2012,1,267
487000,2,2,1485,0,2012,1,267
321000,3,1.5,1243,0,1890,0,267
273000,2,1,679,0,1905,0,267
549000,3,2.5,1775,0,2012,2,269
599000,1,1,1246,1246,2008,1,270
415000,2,2,1162,1162,2000,1,270
599000,1,1,1246,0,2008,0,270
300000,1,1,607,0,1905,0,270
256500,1,1,611,0,1900,0,270
324000,2,1,750,0,1920,0,270
324000,2,1,750,0,1920,0,270