304500,2,1,558,0,1900,3319,10
260000,3,3,1634,1437,1890,4802,10
385000,3,2.5,1632,1007,1890,6664,10
395000,2,2,959,0,1900,4994,10
480000,2,2,1160,1160,1900,5757,10
500000,2,2,1140,0,1890,6152,30
285000,1,1,516,0,1899,3292,30
429000,3,2.5,1842,0,1912,6149,30
345000,2,2,900,0,1905,4294,60
398000,6,3,1916,1137,1899,5953,60
240000,1,1,628,0,1900,3526,60
387000,2,2.5,1241,0,2005,5469,60
260000,1,1,669,0,1905,3998,90
580000,2,2,1070,0,2010,6520,90
435000,2,2,1090,0,2004,5339,90
487000,3,3,1608,0,1905,6667,90
300000,6,3,1680,1306,1900,8876,90
660000,2,2,1356,0,2010,5713,90
658000,2,2,1341,0,2010,5682,90
599000,2,2,1274,0,2010,5311,90
255000,1,1,602,0,1900,3410,90
340000,1,1,810,0,2003,3905,120
467000,3,2.5,1210,3010,1994,6423,120
415250,3,2,1380,0,1987,5511,120
412000,1,1,1033,0,2010,5382,150
697000,2,2,1664,0,2010,8811,150
415000,3,2.5,1077,0,1900,5308,150
205000,1,1,700,0,1900,2540,150
266000,1,1,560,0,1940,2927,150
370000,3,2,1006,1006,1905,4309,150
495000,2,2,1007,0,1915,5964,150
530000,3,2.5,1616,0,2007,7496,150
95800,7,3,3614,2613,1900,8493,150
225000,1,1,594,0,1890,3101,150
440000,2,2,1204,0,1910,5213,150
575000,2,2.5,1713,0,1900,6855,180
358000,2,1,718,0,1900,4044,180
480000,3,2,1566,0,1900,6168,180
255000,5,3,2079,1000,1875,3842,180
429000,2,2,1078,0,1910,5150,180
317500,3,1,1200,0,1905,4480,180
423000,2,2,1004,1004,2003,5196,180
375000,2,1,608,1294,1910,5494,210
362500,2,1,965,0,1930,4262,210
412000,3,3,2425,812,1885,4581,210
425000,2,2,1140,0,1889,11141,210
425000,2,2,1103,0,1890,5451,210
240000,1,1,550,0,1875,2784,210
287000,2,1,700,0,1905,3599,210
245000,1,1,511,0,1890,2963,240
385000,2,1.5,907,0,1920,4745,240
385500,2,2,1209,0,2004,5461,240
535000,2,2,1274,0,2010,5275,240
180000,1,1,625,628,1899,2471,270
293000,2,1,784,0,1900,3863,270
317000,3,1.5,976,9999,1900,4520,270
545000,2,3,1214,0,1900,5916,300
650000,2,2,1664,0,2010,7455,300
269000,2,1,673,0,1890,3100,300
374000,2,1,958,0,1899,5209,300
552000,4,3,2216,1170,1893,7426,300
520000,3,1.75,1700,0,1880,6650,300
315000,1,1,720,0,1880,4016,300
685000,2,2.5,1440,0,2011,8668,360
264000,3,3,1980,1038,1890,3648,360
264000,1,1,648,0,1890,3556,360
291000,2,1,733,733,1900,3566,360
230000,1,1,550,0,1890,2911,360
450000,2,1.5,1114,0,1890,6360,360
312000,2,2,1258,0,1965,4515,360
268000,2,2,972,0,1987,3190,360
410000,2,1.5,1386,0,1910,5205,360
420000,2,2,1200,1742,1890,5314,360
369000,2,2,847,0,2006,4285,360